0 0.116667 0.488889 0.00625 0.00925926 0.846512 10
0 0.490365 0.449074 0.0046875 0.00740741 0.841656 38
0 0.508594 0.45 0.0046875 0.00740741 0.83541 39
0 0.122656 0.475926 0.0046875 0.00740741 0.553923 12
0 0.313802 0.447685 0.0046875 0.00833333 0.763652 29
0 0.29349 0.448611 0.0046875 0.00833333 0.836418 28
0 0.83724 0.497685 0.0046875 0.00833333 0.834474 58
0 0.853385 0.501389 0.0046875 0.00833333 0.83218 59
0 0.686719 0.468056 0.0046875 0.00833333 0.847906 49
0 0.869531 0.506019 0.0046875 0.00833333 0.831342 60
0 0.669271 0.465278 0.00416667 0.00833333 0.837774 48
0 0.738281 0.476389 0.0046875 0.00833333 0.840679 52
0 0.652083 0.4625 0.00416667 0.00833333 0.841829 47
0 0.754948 0.479167 0.0046875 0.00833333 0.860426 53
0 0.721094 0.473148 0.0046875 0.00740741 0.845219 51
0 0.703906 0.470833 0.0046875 0.00833333 0.855738 50
0 0.527083 0.451389 0.00416667 0.00833333 0.843495 40
0 0.771875 0.48287 0.00416667 0.00833333 0.84265 54
0 0.788281 0.486111 0.0046875 0.00740741 0.848505 55
0 0.545052 0.452315 0.0046875 0.00833333 0.845117 41
0 0.821094 0.493981 0.0046875 0.00833333 0.825705 57
0 0.58125 0.455093 0.00416667 0.00833333 0.692415 43
0 0.563281 0.453704 0.0046875 0.00740741 0.76178 42
0 0.804948 0.489815 0.0046875 0.00740741 0.849336 56
0 0.229427 0.452315 0.0046875 0.00833333 0.858218 25
0 0.207552 0.454167 0.0046875 0.00833333 0.8545 24
0 0.250781 0.451389 0.0046875 0.00833333 0.8544 26
0 0.394531 0.447222 0.0046875 0.00740741 0.768739 33
0 0.272135 0.449537 0.0046875 0.00833333 0.846346 27
0 0.185417 0.456019 0.00520833 0.00833333 0.853175 23
0 0.471615 0.448611 0.0046875 0.00833333 0.850389 37
0 0.452344 0.447685 0.0046875 0.00833333 0.841803 36
0 0.163281 0.45787 0.0046875 0.00833333 0.840031 22
0 0.414323 0.446759 0.0046875 0.00833333 0.841892 34
0 0.14401 0.462963 0.0046875 0.00740741 0.381629 21
0 0.433594 0.447222 0.0046875 0.00740741 0.841708 35
