0 0.11276 0.522685 0.0046875 0.00833333 0.827521 1
0 0.11276 0.522685 0.0046875 0.00833333 0.829079 13
0 0.898958 0.481944 0.00625 0.0101852 0.847393 12
0 0.11276 0.523148 0.0046875 0.00925926 0.828022 2
0 0.11276 0.522685 0.0046875 0.00833333 0.829891 10
0 0.11276 0.523148 0.0046875 0.00925926 0.828568 38
0 0.11276 0.523148 0.0046875 0.00925926 0.828896 39
0 0.11276 0.522685 0.0046875 0.00833333 0.82955 11
0 0.11276 0.522685 0.0046875 0.00833333 0.82823 3
0 0.11276 0.522685 0.0046875 0.00833333 0.830151 7
0 0.11276 0.523148 0.0046875 0.00925926 0.830021 29
0 0.11276 0.522685 0.0046875 0.00833333 0.829134 15
0 0.11276 0.522685 0.0046875 0.00833333 0.828767 14
0 0.11276 0.523148 0.0046875 0.00925926 0.830204 28
0 0.11276 0.522685 0.0046875 0.00833333 0.830149 6
0 0.11276 0.522685 0.0046875 0.00833333 0.828377 4
0 0.11276 0.522685 0.0046875 0.00833333 0.829476 16
0 0.11276 0.522685 0.0046875 0.00833333 0.829689 17
0 0.11276 0.522685 0.0046875 0.00833333 0.82932 5
0 0.11276 0.523148 0.0046875 0.00925926 0.794241 109
0 0.11276 0.523148 0.0046875 0.00925926 0.764715 121
0 0.155469 0.506944 0.0046875 0.00833333 0.853494 64
0 0.11276 0.523148 0.0046875 0.00925926 0.824173 70
0 0.248958 0.483796 0.00520833 0.00833333 0.85655 58
0 0.233073 0.487037 0.0046875 0.00925926 0.837909 59
0 0.11276 0.523148 0.0046875 0.00925926 0.811021 71
0 0.140365 0.511111 0.0046875 0.00925926 0.799851 65
0 0.11276 0.522685 0.0046875 0.00833333 0.761526 120
0 0.11276 0.523148 0.0046875 0.00925926 0.800003 108
0 0.11276 0.523148 0.0046875 0.00925926 0.774531 122
0 0.11276 0.523148 0.0046875 0.00925926 0.796683 98
0 0.11276 0.523148 0.0046875 0.00925926 0.789407 73
0 0.111198 0.522685 0.00572917 0.0101852 0.769677 67
0 0.12526 0.516667 0.00572917 0.00925926 0.792771 66
0 0.11276 0.523148 0.0046875 0.00925926 0.80884 72
0 0.11276 0.523148 0.0046875 0.00925926 0.784165 99
0 0.11276 0.523148 0.0046875 0.00925926 0.811869 89
0 0.11276 0.523148 0.0046875 0.00925926 0.788572 76
0 0.186458 0.498611 0.00520833 0.00833333 0.835509 62
0 0.171094 0.502778 0.0046875 0.00925926 0.840748 63
0 0.11276 0.523148 0.0046875 0.00925926 0.79208 77
0 0.11276 0.523148 0.0046875 0.00925926 0.807594 88
0 0.11276 0.522685 0.0046875 0.00833333 0.753938 118
0 0.11276 0.523148 0.0046875 0.00925926 0.824709 49
0 0.201823 0.494444 0.0046875 0.00925926 0.840714 61
0 0.11276 0.523148 0.0046875 0.00925926 0.800176 75
0 0.11276 0.523148 0.0046875 0.00925926 0.777485 74
0 0.217448 0.490741 0.0046875 0.00925926 0.841369 60
0 0.11276 0.523148 0.0046875 0.00925926 0.825214 48
0 0.11276 0.523148 0.0046875 0.00925926 0.743051 119
0 0.11276 0.523148 0.0046875 0.00925926 0.801515 100
0 0.11276 0.522685 0.0046875 0.00833333 0.779566 114
0 0.11276 0.523148 0.0046875 0.00925926 0.798021 86
0 0.11276 0.523148 0.0046875 0.00925926 0.799232 92
0 0.11276 0.523148 0.0046875 0.00925926 0.826346 45
0 0.361458 0.465278 0.00416667 0.00833333 0.829521 51
0 0.11276 0.523148 0.0046875 0.00925926 0.804073 79
0 0.11276 0.523148 0.0046875 0.00925926 0.799856 78
0 0.11276 0.523148 0.0046875 0.00925926 0.826135 50
0 0.11276 0.523148 0.0046875 0.00925926 0.827414 44
0 0.11276 0.523148 0.0046875 0.00925926 0.797808 93
0 0.11276 0.523148 0.0046875 0.00925926 0.809194 87
0 0.11276 0.522685 0.0046875 0.00833333 0.771296 115
0 0.11276 0.523148 0.0046875 0.00925926 0.798381 101
0 0.11276 0.522685 0.0046875 0.00833333 0.750376 117
0 0.11276 0.523148 0.0046875 0.00925926 0.793016 103
0 0.11276 0.523148 0.0046875 0.00925926 0.80123 91
0 0.11276 0.523148 0.0046875 0.00925926 0.796401 85
0 0.345052 0.467593 0.0046875 0.00740741 0.832083 52
0 0.11276 0.523148 0.0046875 0.00925926 0.825224 46
0 0.11276 0.523148 0.0046875 0.00925926 0.825263 47
0 0.328906 0.469907 0.0046875 0.00833333 0.851002 53
0 0.11276 0.523148 0.0046875 0.00925926 0.780439 84
0 0.11276 0.523148 0.0046875 0.00925926 0.807421 90
0 0.11276 0.522685 0.0046875 0.00833333 0.787482 102
0 0.11276 0.522685 0.0046875 0.00833333 0.767959 116
0 0.11276 0.522685 0.0046875 0.00833333 0.769777 112
0 0.11276 0.523148 0.0046875 0.00925926 0.795173 106
0 0.11276 0.523148 0.0046875 0.00925926 0.794084 94
0 0.11276 0.523148 0.0046875 0.00925926 0.807739 80
0 0.264844 0.480556 0.0046875 0.00925926 0.849367 57
0 0.11276 0.523148 0.0046875 0.00925926 0.828311 43
0 0.11276 0.523148 0.0046875 0.00925926 0.829095 42
0 0.280729 0.477315 0.00520833 0.00833333 0.849322 56
0 0.11276 0.523148 0.0046875 0.00925926 0.805627 81
0 0.11276 0.523148 0.0046875 0.00925926 0.785157 95
0 0.11276 0.523148 0.0046875 0.00925926 0.801536 107
0 0.11276 0.522685 0.0046875 0.00833333 0.77258 113
0 0.11276 0.523148 0.0046875 0.00925926 0.802511 105
0 0.11276 0.523148 0.0046875 0.00925926 0.779963 111
0 0.11276 0.523148 0.0046875 0.00925926 0.763671 83
0 0.11276 0.523148 0.0046875 0.00925926 0.798067 97
0 0.11276 0.523148 0.0046875 0.00925926 0.821773 68
0 0.11276 0.523148 0.0046875 0.00925926 0.829658 40
0 0.31276 0.471759 0.0046875 0.00833333 0.842265 54
0 0.296615 0.475 0.0046875 0.00925926 0.850894 55
0 0.11276 0.523148 0.0046875 0.00925926 0.829577 41
0 0.11276 0.523148 0.0046875 0.00925926 0.81795 69
0 0.11276 0.523148 0.0046875 0.00925926 0.793336 96
0 0.11276 0.523148 0.0046875 0.00925926 0.773831 82
0 0.11276 0.523148 0.0046875 0.00925926 0.784992 110
0 0.11276 0.523148 0.0046875 0.00925926 0.796052 104
0 0.11276 0.522685 0.0046875 0.00833333 0.829771 8
0 0.80625 0.483333 0.00520833 0.00925926 0.853943 26
0 0.11276 0.523148 0.0046875 0.00925926 0.82944 32
0 0.11276 0.523148 0.0046875 0.00925926 0.82954 33
0 0.11276 0.523148 0.0046875 0.00925926 0.831411 27
0 0.11276 0.522685 0.0046875 0.00833333 0.829931 9
0 0.11276 0.523148 0.0046875 0.00925926 0.829163 31
0 0.826563 0.486111 0.00520833 0.00925926 0.846244 25
0 0.11276 0.523148 0.0046875 0.00925926 0.831168 19
0 0.11276 0.522685 0.0046875 0.00833333 0.830217 18
0 0.11276 0.523148 0.0046875 0.00925926 0.831667 24
0 0.11276 0.523148 0.0046875 0.00925926 0.829516 30
0 0.11276 0.523148 0.0046875 0.00925926 0.829721 34
0 0.11276 0.523148 0.0046875 0.00925926 0.831529 20
0 0.11276 0.523148 0.0046875 0.00925926 0.831622 21
0 0.11276 0.523148 0.0046875 0.00925926 0.829858 35
0 0.11276 0.523148 0.0046875 0.00925926 0.831782 23
0 0.11276 0.523148 0.0046875 0.00925926 0.829388 37
0 0.11276 0.523148 0.0046875 0.00925926 0.829611 36
0 0.11276 0.523148 0.0046875 0.00925926 0.831585 22
