0 0.920833 0.561111 0.00416667 0.00740741 0.831168 16
0 0.91276 0.560185 0.0046875 0.00740741 0.834861 17
0 0.927865 0.562963 0.0046875 0.00740741 0.828959 15
0 0.608594 0.5125 0.00364583 0.00648148 0.715998 29
0 0.64349 0.517593 0.00364583 0.00740741 0.827328 28
0 0.327604 0.511111 0.00416667 0.00740741 0.841556 38
0 0.298698 0.514815 0.00364583 0.00740741 0.737241 39
0 0.936198 0.575463 0.0046875 0.00833333 0.764647 13
0 0.270312 0.519444 0.00416667 0.00740741 0.845631 40
0 0.242708 0.524537 0.00416667 0.00648148 0.867503 41
0 0.188802 0.536574 0.00364583 0.00648148 0.864411 43
0 0.215365 0.530093 0.00364583 0.00648148 0.845715 42
0 0.1625 0.543519 0.00416667 0.00740741 0.823345 44
0 0.35651 0.50787 0.00364583 0.00648148 0.824645 37
0 0.834896 0.557407 0.00416667 0.00740741 0.855421 23
0 0.446094 0.503704 0.00364583 0.00740741 0.843584 34
0 0.415885 0.50463 0.00364583 0.00740741 0.793077 35
0 0.89375 0.575 0.00416667 0.00740741 0.773878 21
0 0.897917 0.562037 0.00416667 0.00740741 0.825495 19
0 0.755208 0.538426 0.00416667 0.00833333 0.854543 25
0 0.541406 0.506481 0.00364583 0.00740741 0.851073 31
0 0.574479 0.509722 0.00416667 0.00648148 0.828117 30
0 0.794531 0.546759 0.0046875 0.00833333 0.838801 24
0 0.904427 0.560185 0.0046875 0.00740741 0.826737 18
0 0.508854 0.50463 0.00416667 0.00740741 0.840537 32
0 0.717188 0.530556 0.00416667 0.00740741 0.845257 26
0 0.679688 0.523148 0.00416667 0.00740741 0.472684 27
0 0.477083 0.503704 0.00416667 0.00740741 0.833967 33
