0 0.192708 0.458796 0.00520833 0.00833333 0.860543 95
0 0.11276 0.522685 0.0046875 0.00833333 0.813866 81
0 0.11276 0.522685 0.0046875 0.00833333 0.812086 56
0 0.11276 0.522685 0.0046875 0.00833333 0.811472 42
0 0.803125 0.464352 0.00416667 0.00833333 0.804905 122
0 0.904167 0.486111 0.00625 0.0111111 0.834075 43
0 0.11276 0.522685 0.0046875 0.00833333 0.812194 57
0 0.11276 0.522685 0.0046875 0.00833333 0.814356 80
0 0.207813 0.456019 0.00520833 0.00833333 0.841004 94
0 0.11276 0.522685 0.0046875 0.00833333 0.812313 82
0 0.177865 0.461574 0.0046875 0.00833333 0.848005 96
0 0.11276 0.522685 0.0046875 0.00833333 0.81415 69
0 0.11276 0.522685 0.0046875 0.00833333 0.811268 41
0 0.11276 0.522685 0.0046875 0.00833333 0.809747 55
0 0.11276 0.522685 0.0046875 0.00833333 0.816414 109
0 0.11276 0.522685 0.0046875 0.00833333 0.789802 121
0 0.80625 0.461574 0.00416667 0.00833333 0.781969 120
0 0.11276 0.522685 0.0046875 0.00833333 0.813512 108
0 0.11276 0.522685 0.0046875 0.00833333 0.811127 54
0 0.11276 0.522685 0.0046875 0.00833333 0.81169 40
0 0.11276 0.522685 0.0046875 0.00833333 0.81317 68
0 0.16276 0.465278 0.0046875 0.00833333 0.844268 97
0 0.11276 0.522685 0.0046875 0.00833333 0.811402 83
0 0.11276 0.522685 0.0046875 0.00833333 0.807047 87
0 0.223177 0.452778 0.0046875 0.00925926 0.854606 93
0 0.90026 0.484722 0.00572917 0.0101852 0.839632 44
0 0.11276 0.522685 0.0046875 0.00833333 0.815806 50
0 0.11276 0.522685 0.0046875 0.00833333 0.816484 78
0 0.11276 0.522685 0.0046875 0.00833333 0.782759 118
0 0.807292 0.460648 0.00416667 0.00833333 0.813684 119
0 0.11276 0.522685 0.0046875 0.00833333 0.813584 79
0 0.11276 0.522685 0.0046875 0.00833333 0.813873 51
0 0.896615 0.483796 0.00572917 0.0101852 0.841296 45
0 0.238281 0.450463 0.0046875 0.00833333 0.850937 92
0 0.11276 0.522685 0.0046875 0.00833333 0.807608 86
0 0.269531 0.44537 0.0046875 0.00925926 0.853161 90
0 0.11276 0.522685 0.0046875 0.00833333 0.811092 84
0 0.11276 0.522685 0.0046875 0.00833333 0.813387 53
0 0.889583 0.483333 0.00625 0.0111111 0.827349 47
0 0.892969 0.483333 0.00572917 0.0111111 0.838513 46
0 0.11276 0.522685 0.0046875 0.00833333 0.813357 52
0 0.11276 0.522685 0.0046875 0.00833333 0.814524 85
0 0.253906 0.447685 0.0046875 0.00833333 0.853559 91
0 0.11276 0.522685 0.0046875 0.00833333 0.815175 35
0 0.11276 0.522685 0.0046875 0.00833333 0.814427 21
0 0.11276 0.522685 0.0046875 0.00833333 0.81434 1
0 0.11276 0.522685 0.0046875 0.00833333 0.814258 20
0 0.11276 0.522685 0.0046875 0.00833333 0.816673 34
0 0.11276 0.522685 0.0046875 0.00833333 0.81372 22
0 0.11276 0.522685 0.0046875 0.00833333 0.812827 36
0 0.11276 0.522685 0.0046875 0.00833333 0.817508 3
0 0.11276 0.522685 0.0046875 0.00833333 0.814073 2
0 0.11276 0.522685 0.0046875 0.00833333 0.812997 37
0 0.11276 0.522685 0.0046875 0.00833333 0.812986 23
0 0.11276 0.522685 0.0046875 0.00833333 0.814308 27
0 0.11276 0.522685 0.0046875 0.00833333 0.817698 33
0 0.11276 0.522685 0.0046875 0.00833333 0.81775 6
0 0.11276 0.522685 0.0046875 0.00833333 0.812016 7
0 0.11276 0.522685 0.0046875 0.00833333 0.817916 32
0 0.11276 0.522685 0.0046875 0.00833333 0.815972 26
0 0.11276 0.522685 0.0046875 0.00833333 0.816658 30
0 0.11276 0.522685 0.0046875 0.00833333 0.815552 24
0 0.11276 0.522685 0.0046875 0.00833333 0.812353 18
0 0.11276 0.522685 0.0046875 0.00833333 0.817445 5
0 0.11276 0.522685 0.0046875 0.00833333 0.816929 4
0 0.11276 0.522685 0.0046875 0.00833333 0.812815 19
0 0.11276 0.522685 0.0046875 0.00833333 0.816279 25
0 0.11276 0.522685 0.0046875 0.00833333 0.817238 31
0 0.11276 0.522685 0.0046875 0.00833333 0.816164 28
0 0.11276 0.522685 0.0046875 0.00833333 0.813241 14
0 0.11276 0.522685 0.0046875 0.00833333 0.810823 9
0 0.11276 0.522685 0.0046875 0.00833333 0.812207 8
0 0.11276 0.522685 0.0046875 0.00833333 0.808678 15
0 0.11276 0.522685 0.0046875 0.00833333 0.81648 29
0 0.11276 0.522685 0.0046875 0.00833333 0.81112 17
0 0.11276 0.522685 0.0046875 0.00833333 0.811586 16
0 0.11276 0.522685 0.0046875 0.00833333 0.81066 12
0 0.11276 0.522685 0.0046875 0.00833333 0.809962 13
0 0.11276 0.522685 0.0046875 0.00833333 0.809801 11
0 0.11276 0.522685 0.0046875 0.00833333 0.811422 39
0 0.11276 0.522685 0.0046875 0.00833333 0.812975 38
0 0.11276 0.522685 0.0046875 0.00833333 0.811901 10
0 0.11276 0.522685 0.0046875 0.00833333 0.80476 88
0 0.11276 0.522685 0.0046875 0.00833333 0.817083 77
0 0.11276 0.522685 0.0046875 0.00833333 0.816892 63
0 0.809375 0.458796 0.00416667 0.00833333 0.784587 117
0 0.11276 0.522685 0.0046875 0.00833333 0.793277 103
0 0.0895833 0.484722 0.00520833 0.00833333 0.84467 102
0 0.11276 0.522685 0.0046875 0.00833333 0.78896 116
0 0.11276 0.522685 0.0046875 0.00833333 0.811341 62
0 0.11276 0.522685 0.0046875 0.00833333 0.81695 76
0 0.285156 0.443056 0.0046875 0.00833333 0.837057 89
0 0.885938 0.483333 0.00625 0.0111111 0.843872 48
0 0.785937 0.464815 0.00520833 0.00925926 0.844666 60
0 0.11276 0.522685 0.0046875 0.00833333 0.817641 74
0 0.11875 0.476389 0.00520833 0.00833333 0.831599 100
0 0.11276 0.522685 0.0046875 0.00833333 0.800196 114
0 0.11276 0.522685 0.0046875 0.00833333 0.792028 115
0 0.104167 0.480556 0.00520833 0.00925926 0.850815 101
0 0.11276 0.522685 0.0046875 0.00833333 0.815997 75
0 0.11276 0.522685 0.0046875 0.00833333 0.814084 61
0 0.883333 0.483796 0.00625 0.0101852 0.830413 49
0 0.11276 0.522685 0.0046875 0.00833333 0.815585 65
0 0.11276 0.522685 0.0046875 0.00833333 0.815018 71
0 0.805729 0.468519 0.00520833 0.00925926 0.863287 59
0 0.11276 0.522685 0.0046875 0.00833333 0.819019 105
0 0.11276 0.522685 0.0046875 0.00833333 0.811742 111
0 0.11276 0.522685 0.0046875 0.00833333 0.813491 110
0 0.11276 0.522685 0.0046875 0.00833333 0.811302 104
0 0.825781 0.473148 0.00572917 0.00925926 0.842623 58
0 0.11276 0.522685 0.0046875 0.00833333 0.814934 70
0 0.11276 0.522685 0.0046875 0.00833333 0.815647 64
0 0.133073 0.472222 0.0046875 0.00925926 0.819947 99
0 0.11276 0.522685 0.0046875 0.00833333 0.817802 72
0 0.11276 0.522685 0.0046875 0.00833333 0.815418 66
0 0.813802 0.455556 0.0046875 0.00925926 0.829348 112
0 0.11276 0.522685 0.0046875 0.00833333 0.818477 106
0 0.11276 0.522685 0.0046875 0.00833333 0.816301 107
0 0.11276 0.522685 0.0046875 0.00833333 0.801169 113
0 0.11276 0.522685 0.0046875 0.00833333 0.81251 67
0 0.11276 0.522685 0.0046875 0.00833333 0.818157 73
0 0.11276 0.522685 0.0046875 0.00833333 0.806944 98
