0 0.11276 0.523148 0.0046875 0.00740741 0.730612 115
0 0.113021 0.523611 0.00416667 0.00833333 0.716885 101
0 0.113021 0.523611 0.00416667 0.00833333 0.706058 88
0 0.096875 0.499074 0.00520833 0.00925926 0.613006 77
0 0.350781 0.456944 0.0046875 0.00833333 0.795206 63
0 0.11276 0.522685 0.0046875 0.00833333 0.737805 1
0 0.113021 0.522685 0.00416667 0.00833333 0.668118 62
0 0.114844 0.49537 0.0046875 0.00925926 0.832743 76
0 0.113021 0.523148 0.00416667 0.00925926 0.662331 89
0 0.113021 0.523611 0.00416667 0.00833333 0.654965 100
0 0.11276 0.523148 0.0046875 0.00740741 0.75498 114
0 0.113021 0.523611 0.00416667 0.00833333 0.741705 102
0 0.11276 0.523148 0.0046875 0.00740741 0.733364 116
0 0.113021 0.522685 0.00416667 0.00833333 0.446413 60
0 0.15 0.487037 0.00520833 0.00925926 0.792208 74
0 0.11276 0.523148 0.0046875 0.00925926 0.610373 48
0 0.11276 0.522685 0.0046875 0.00833333 0.736085 3
0 0.11276 0.522685 0.0046875 0.00833333 0.734888 2
0 0.11276 0.523148 0.0046875 0.00925926 0.5711 49
0 0.132292 0.490741 0.00520833 0.00925926 0.829969 75
0 0.113021 0.523611 0.00416667 0.00833333 0.597773 61
0 0.11276 0.523148 0.0046875 0.00740741 0.726013 117
0 0.113021 0.523148 0.00416667 0.00740741 0.753404 103
0 0.11276 0.523611 0.0046875 0.00833333 0.760043 107
0 0.11276 0.523148 0.0046875 0.00740741 0.749863 113
0 0.113021 0.523148 0.00416667 0.00925926 0.606438 59
0 0.313542 0.460648 0.00520833 0.00833333 0.845584 65
0 0.203906 0.476852 0.0046875 0.00925926 0.835438 71
0 0.11276 0.522685 0.0046875 0.00833333 0.720289 6
0 0.923437 0.487963 0.00416667 0.00740741 0.747327 7
0 0.221875 0.473148 0.00520833 0.00925926 0.835443 70
0 0.332031 0.458796 0.0046875 0.00833333 0.827836 64
0 0.113021 0.523148 0.00416667 0.00925926 0.514695 58
0 0.113021 0.523148 0.00416667 0.00740741 0.72445 112
0 0.11276 0.523611 0.0046875 0.00833333 0.759921 106
0 0.113021 0.523148 0.00416667 0.00740741 0.601604 99
0 0.11276 0.523148 0.0046875 0.00740741 0.73961 110
0 0.113021 0.523148 0.00416667 0.00740741 0.748559 104
0 0.185937 0.47963 0.00520833 0.00925926 0.841431 72
0 0.295052 0.4625 0.0046875 0.00833333 0.86413 66
0 0.923437 0.487963 0.00416667 0.00740741 0.728471 5
0 0.11276 0.522685 0.0046875 0.00833333 0.690409 4
0 0.277083 0.464815 0.00520833 0.00925926 0.844042 67
0 0.167708 0.483333 0.00520833 0.00925926 0.830106 73
0 0.113021 0.523611 0.00416667 0.00833333 0.743832 105
0 0.11276 0.523148 0.0046875 0.00740741 0.72705 111
0 0.11276 0.523611 0.0046875 0.00833333 0.70932 98
0 0.11276 0.522685 0.0046875 0.00833333 0.7236 14
0 0.11276 0.522685 0.0046875 0.00833333 0.746451 28
0 0.11276 0.522685 0.0046875 0.00833333 0.751468 29
0 0.11276 0.522685 0.0046875 0.00833333 0.719698 15
0 0.11276 0.522685 0.0046875 0.00833333 0.73476 17
0 0.11276 0.522685 0.0046875 0.00833333 0.725345 16
0 0.11276 0.522685 0.0046875 0.00833333 0.702258 12
0 0.11276 0.522685 0.0046875 0.00833333 0.725218 13
0 0.807552 0.469444 0.00572917 0.00925926 0.841437 39
0 0.11276 0.522685 0.0046875 0.00833333 0.69033 11
0 0.11276 0.522685 0.0046875 0.00833333 0.700353 10
0 0.827344 0.472222 0.00572917 0.00925926 0.830755 38
0 0.869792 0.485185 0.00625 0.0111111 0.751958 35
0 0.11276 0.522685 0.0046875 0.00833333 0.727281 21
0 0.11276 0.522685 0.0046875 0.00833333 0.724238 20
0 0.11276 0.523148 0.0046875 0.00740741 0.737114 34
0 0.11276 0.522685 0.0046875 0.00833333 0.728703 22
0 0.11276 0.523148 0.0046875 0.00925926 0.709796 36
0 0.11276 0.522685 0.0046875 0.00833333 0.723317 37
0 0.838281 0.506019 0.0078125 0.0138889 0.75035 23
0 0.11276 0.522685 0.0046875 0.00833333 0.740075 27
0 0.879427 0.479167 0.00677083 0.012037 0.818689 33
0 0.880469 0.475463 0.00677083 0.012037 0.844042 32
0 0.11276 0.522685 0.0046875 0.00833333 0.74398 26
0 0.11276 0.522685 0.0046875 0.00833333 0.736317 18
0 0.880208 0.475 0.00729167 0.012963 0.84259 30
0 0.11276 0.522685 0.0046875 0.00833333 0.750042 24
0 0.11276 0.522685 0.0046875 0.00833333 0.740174 25
0 0.880208 0.474537 0.00729167 0.012037 0.811914 31
0 0.11276 0.522685 0.0046875 0.00833333 0.733207 19
0 0.113021 0.523611 0.00416667 0.00833333 0.669796 95
0 0.0268229 0.517593 0.0046875 0.00925926 0.440262 81
0 0.11276 0.523611 0.0046875 0.00833333 0.728883 120
0 0.11276 0.523148 0.0046875 0.00740741 0.752151 108
0 0.11276 0.523148 0.0046875 0.00925926 0.657073 56
0 0.11276 0.523148 0.0046875 0.00925926 0.69199 42
0 0.871875 0.491204 0.00416667 0.00833333 0.764465 9
0 0.11276 0.522685 0.0046875 0.00833333 0.715734 8
0 0.11276 0.523148 0.0046875 0.00925926 0.682378 43
0 0.11276 0.522685 0.0046875 0.00833333 0.670772 57
0 0.11276 0.523148 0.0046875 0.00740741 0.744169 109
0 0.11276 0.523611 0.0046875 0.00833333 0.719317 121
0 0.0442708 0.512963 0.00520833 0.00925926 0.743822 80
0 0.113021 0.523611 0.00416667 0.00833333 0.708692 94
0 0.113021 0.522685 0.00416667 0.00833333 0.512774 82
0 0.113021 0.523148 0.00416667 0.00925926 0.645671 96
0 0.11276 0.523148 0.0046875 0.00925926 0.694753 41
0 0.11276 0.523148 0.0046875 0.00925926 0.676647 55
0 0.240104 0.47037 0.00520833 0.00925926 0.851005 69
0 0.258594 0.467593 0.0046875 0.00925926 0.848851 68
0 0.11276 0.523148 0.0046875 0.00925926 0.676392 54
0 0.78776 0.466667 0.00572917 0.00925926 0.844932 40
0 0.113021 0.523611 0.00416667 0.00833333 0.675917 97
0 0.11276 0.522685 0.0046875 0.00833333 0.711393 122
0 0.113021 0.522685 0.00416667 0.00833333 0.682703 83
0 0.113021 0.523148 0.00416667 0.00740741 0.709265 87
0 0.113021 0.523611 0.00416667 0.00833333 0.700113 93
0 0.0791667 0.503704 0.00520833 0.00925926 0.600413 78
0 0.11276 0.523148 0.0046875 0.00925926 0.649592 44
0 0.11276 0.523148 0.0046875 0.00925926 0.604521 50
0 0.11276 0.523148 0.0046875 0.00925926 0.653712 51
0 0.11276 0.523148 0.0046875 0.00925926 0.648845 45
0 0.113021 0.523148 0.00416667 0.00740741 0.661472 92
0 0.113021 0.522685 0.00416667 0.00833333 0.661318 86
0 0.11276 0.523148 0.0046875 0.00740741 0.716209 119
0 0.113021 0.523148 0.00416667 0.00925926 0.662284 90
0 0.113021 0.522685 0.00416667 0.00833333 0.693653 84
0 0.11276 0.523148 0.0046875 0.00925926 0.68906 53
0 0.11276 0.523148 0.0046875 0.00925926 0.591124 47
0 0.11276 0.523148 0.0046875 0.00925926 0.629141 46
0 0.11276 0.523148 0.0046875 0.00925926 0.692943 52
0 0.113021 0.523148 0.00416667 0.00740741 0.691925 85
0 0.113021 0.523148 0.00416667 0.00740741 0.678063 91
0 0.11276 0.523148 0.0046875 0.00740741 0.733754 118
