0 0.505469 0.431944 0.0046875 0.00833333 0.839315 67
0 0.492188 0.431944 0.00416667 0.00833333 0.837514 66
0 0.464844 0.43287 0.0046875 0.00833333 0.84625 64
0 0.546094 0.43287 0.0046875 0.00833333 0.812136 70
0 0.478385 0.432407 0.0046875 0.00740741 0.838874 65
0 0.423177 0.434259 0.0046875 0.00740741 0.816246 61
0 0.245052 0.462037 0.0046875 0.00740741 0.83051 49
0 0.229687 0.465741 0.00416667 0.00740741 0.837782 48
0 0.409115 0.435648 0.0046875 0.00833333 0.751695 60
0 0.788802 0.478241 0.0046875 0.00833333 0.856853 89
0 0.43724 0.433796 0.0046875 0.00833333 0.833067 62
0 0.450781 0.43287 0.0046875 0.00833333 0.842863 63
0 0.776563 0.474537 0.00416667 0.00833333 0.855238 88
0 0.813021 0.487037 0.00416667 0.00740741 0.844967 91
0 0.739323 0.463426 0.0046875 0.00833333 0.8387 85
0 0.291146 0.451852 0.00416667 0.00740741 0.444256 52
0 0.197917 0.474074 0.00416667 0.00740741 0.837914 46
0 0.213802 0.47037 0.0046875 0.00740741 0.766605 47
0 0.30651 0.449537 0.0046875 0.00833333 0.825375 53
0 0.801302 0.48287 0.0046875 0.00833333 0.861494 90
0 0.751823 0.466667 0.0046875 0.00740741 0.846416 86
0 0.82526 0.491667 0.0046875 0.00740741 0.828683 92
0 0.181771 0.478704 0.00416667 0.00740741 0.853657 45
0 0.275781 0.455556 0.0046875 0.00740741 0.84659 51
0 0.260417 0.458796 0.00520833 0.00833333 0.860857 50
0 0.165885 0.483796 0.0046875 0.00833333 0.844941 44
0 0.83724 0.496296 0.0046875 0.00740741 0.737132 93
0 0.764323 0.470833 0.0046875 0.00833333 0.855163 87
0 0.321615 0.447222 0.00364583 0.00740741 0.423083 54
0 0.51901 0.431944 0.0046875 0.00833333 0.822795 68
0 0.532552 0.432407 0.0046875 0.00740741 0.834767 69
0 0.701563 0.454167 0.00416667 0.00833333 0.760754 82
0 0.849219 0.501389 0.0046875 0.00833333 0.839035 94
0 0.676302 0.448611 0.0046875 0.00833333 0.754421 80
0 0.15026 0.487963 0.0046875 0.00740741 0.720462 43
0 0.688802 0.451389 0.0046875 0.00833333 0.789987 81
0 0.861198 0.506481 0.0046875 0.00740741 0.832184 95
0 0.122135 0.493056 0.0046875 0.00833333 0.807412 37
0 0.121615 0.493519 0.0046875 0.00740741 0.784292 36
0 0.119271 0.49537 0.00416667 0.00740741 0.76296 35
