0 0.373177 0.494444 0.00364583 0.00740741 0.845387 8
0 0.414323 0.496296 0.0046875 0.00740741 0.86244 9
0 0.8125 0.556944 0.00416667 0.00833333 0.847058 20
0 0.844792 0.565741 0.00416667 0.00740741 0.846987 21
0 0.907552 0.584722 0.0046875 0.00833333 0.879134 23
0 0.876562 0.575 0.00416667 0.00740741 0.851389 22
0 0.779948 0.549074 0.00364583 0.00740741 0.786261 19
0 0.745833 0.540741 0.00416667 0.00740741 0.850897 18
0 0.938281 0.59537 0.0046875 0.00740741 0.838139 24
0 0.640885 0.520833 0.0046875 0.00833333 0.845884 15
0 0.604688 0.515278 0.00416667 0.00833333 0.853619 14
0 0.676823 0.527315 0.0046875 0.00833333 0.858081 16
0 0.711458 0.533796 0.00416667 0.00833333 0.844062 17
0 0.568229 0.509722 0.00416667 0.00833333 0.848513 13
0 0.530729 0.505093 0.00416667 0.00833333 0.854751 12
0 0.454167 0.498611 0.00416667 0.00833333 0.844612 10
0 0.493229 0.501389 0.00416667 0.00833333 0.850451 11
0 0.124479 0.519907 0.00416667 0.00833333 0.698223 1
0 0.128385 0.51713 0.0046875 0.00833333 0.302087 2
0 0.149479 0.497685 0.00520833 0.00833333 0.805367 3
0 0.330469 0.493056 0.0046875 0.00833333 0.832142 7
0 0.286198 0.492593 0.0046875 0.00925926 0.845363 6
0 0.195052 0.493056 0.0046875 0.00833333 0.844921 4
0 0.241406 0.49213 0.0046875 0.00833333 0.846735 5
