0 0.967969 0.234259 0.00677083 0.0111111 0.405896 104
0 0.808854 0.456481 0.00520833 0.00925926 0.840971 23
0 0.576042 0.390741 0.00520833 0.00925926 0.753617 37
0 0.826042 0.462963 0.00520833 0.00925926 0.851877 22
0 0.113021 0.523611 0.00416667 0.00833333 0.501634 20
0 0.843229 0.470833 0.00520833 0.0101852 0.803939 21
0 0.607813 0.397222 0.00520833 0.00925926 0.461423 35
0 0.773958 0.444444 0.00520833 0.00925926 0.8463 25
0 0.865365 0.481481 0.00572917 0.00925926 0.546446 19
0 0.871094 0.481481 0.00677083 0.0111111 0.540901 18
0 0.791667 0.45 0.00520833 0.00925926 0.833562 24
0 0.967969 0.234722 0.00677083 0.012037 0.423304 83
0 0.117188 0.389815 0.00520833 0.00925926 0.800629 68
0 0.529167 0.382407 0.00520833 0.00925926 0.404397 40
0 0.113021 0.523148 0.00416667 0.00740741 0.288423 54
0 0.113021 0.523148 0.00416667 0.00740741 0.304911 41
0 0.103646 0.392593 0.00520833 0.00925926 0.82905 69
0 0.967969 0.234722 0.00677083 0.012037 0.48039 96
0 0.968229 0.234722 0.00729167 0.012037 0.333346 82
0 0.923177 0.488426 0.0046875 0.00833333 0.400125 2
0 0.967969 0.234722 0.00677083 0.012037 0.457424 94
0 0.113021 0.523148 0.00416667 0.00740741 0.36841 43
0 0.113021 0.523148 0.00416667 0.00740741 0.300616 42
0 0.967969 0.234722 0.00677083 0.012037 0.397839 95
0 0.900521 0.519907 0.00729167 0.012037 0.673164 5
0 0.113021 0.523148 0.00416667 0.00740741 0.40069 52
0 0.11276 0.523148 0.0046875 0.00740741 0.482641 46
0 0.11276 0.523148 0.0046875 0.00740741 0.533806 47
0 0.113021 0.523148 0.00416667 0.00740741 0.356556 53
0 0.967969 0.234722 0.00677083 0.012037 0.332734 90
0 0.897917 0.515741 0.00625 0.0111111 0.374823 6
0 0.967969 0.234722 0.00677083 0.012037 0.313247 92
0 0.11276 0.523148 0.0046875 0.00740741 0.452504 45
0 0.113021 0.523148 0.00416667 0.00740741 0.49269 51
0 0.113021 0.523148 0.00416667 0.00740741 0.51607 50
0 0.11276 0.523148 0.0046875 0.00740741 0.462838 44
0 0.967969 0.234722 0.00677083 0.012037 0.385413 93
0 0.113021 0.523148 0.00416667 0.00740741 0.570128 49
0 0.216146 0.373148 0.00520833 0.00925926 0.6574 61
0 0.0213542 0.415741 0.00520833 0.00925926 0.835818 75
0 0.0348958 0.411111 0.00520833 0.00925926 0.789084 74
0 0.11276 0.523148 0.0046875 0.00740741 0.526163 48
0 0.835417 0.511574 0.00625 0.0101852 0.34618 9
0 0.0078125 0.419444 0.00520833 0.00925926 0.51361 76
0 0.201562 0.374537 0.00520833 0.00833333 0.588333 62
0 0.1875 0.376852 0.00520833 0.00925926 0.37603 63
0 0.892448 0.506019 0.00677083 0.012037 0.85639 8
0 0.0484375 0.407407 0.00520833 0.00925926 0.835142 73
0 0.113021 0.523148 0.00416667 0.00740741 0.493381 66
0 0.0622396 0.403241 0.00572917 0.0101852 0.819007 72
0 0.173177 0.379167 0.0046875 0.00833333 0.717592 64
0 0.0898438 0.395833 0.0046875 0.00833333 0.814407 70
0 0.0760417 0.399074 0.00520833 0.00925926 0.7882 71
0 0.159115 0.381481 0.00572917 0.00925926 0.826128 65
0 0.876562 0.477315 0.00729167 0.012037 0.821946 16
0 0.875 0.47963 0.00729167 0.0111111 0.712746 17
0 0.877344 0.476852 0.0078125 0.012963 0.857587 15
0 0.878125 0.477778 0.00729167 0.012963 0.846802 14
0 0.821094 0.501852 0.0046875 0.00925926 0.318553 28
0 0.833333 0.511574 0.00625 0.0101852 0.434583 11
0 0.879687 0.480093 0.00729167 0.012037 0.728752 13
0 0.88151 0.483333 0.00677083 0.0111111 0.405292 12
