0 0.79375 0.540741 0.00416667 0.00740741 0.847101 27
0 0.760417 0.533796 0.00416667 0.00833333 0.845444 26
0 0.693229 0.520833 0.00416667 0.00833333 0.839031 24
0 0.888802 0.565741 0.0046875 0.00740741 0.854202 30
0 0.478906 0.499537 0.0046875 0.00833333 0.843409 18
0 0.516146 0.501389 0.00416667 0.00833333 0.853074 19
0 0.919271 0.575 0.00416667 0.00740741 0.845772 31
0 0.727083 0.526852 0.00416667 0.00740741 0.856428 25
0 0.588281 0.506944 0.0046875 0.00833333 0.888277 21
0 0.552604 0.503704 0.00416667 0.00740741 0.857763 20
0 0.623698 0.510648 0.0046875 0.00833333 0.858655 22
0 0.658333 0.515278 0.00416667 0.00833333 0.829551 23
0 0.10651 0.548148 0.00572917 0.00925926 0.356737 4
0 0.110417 0.537963 0.00416667 0.00740741 0.31926 6
0 0.121094 0.518981 0.0046875 0.00833333 0.839 7
0 0.12474 0.523611 0.0046875 0.00833333 0.767187 9
0 0.122135 0.522685 0.0046875 0.00833333 0.785818 8
0 0.233594 0.503241 0.0046875 0.00833333 0.846807 12
0 0.277083 0.500926 0.00416667 0.00740741 0.852776 13
0 0.188281 0.506944 0.0046875 0.00833333 0.84581 11
0 0.144792 0.5125 0.00520833 0.00833333 0.845931 10
0 0.825521 0.548148 0.00416667 0.00740741 0.850401 28
0 0.320052 0.498611 0.0046875 0.00833333 0.852131 14
0 0.360938 0.497222 0.00416667 0.00740741 0.839483 15
0 0.857292 0.556944 0.00416667 0.00833333 0.844004 29
0 0.440625 0.498611 0.00416667 0.00833333 0.849618 17
0 0.401823 0.498148 0.0046875 0.00740741 0.864451 16
