0 0.267448 0.500463 0.0046875 0.00833333 0.844912 10
0 0.120573 0.516204 0.0046875 0.00833333 0.777834 4
0 0.121094 0.521296 0.0046875 0.00740741 0.644656 5
0 0.308073 0.497685 0.0046875 0.00833333 0.859434 11
0 0.385677 0.495833 0.0046875 0.00833333 0.851537 13
0 0.141667 0.514352 0.00520833 0.00833333 0.824288 7
0 0.123698 0.524074 0.0046875 0.00740741 0.580086 6
0 0.347396 0.496296 0.00416667 0.00740741 0.838089 12
0 0.493229 0.498611 0.00416667 0.00833333 0.843063 16
0 0.119792 0.518519 0.00416667 0.00740741 0.80549 3
0 0.527083 0.500463 0.00416667 0.00833333 0.853256 17
0 0.458333 0.496759 0.00416667 0.00833333 0.852609 15
0 0.890625 0.578241 0.00416667 0.00833333 0.84518 29
0 0.863542 0.568519 0.00416667 0.00740741 0.855195 28
0 0.422656 0.495833 0.0046875 0.00833333 0.863187 14
0 0.964063 0.562963 0.00416667 0.00740741 0.779736 58
0 0.964583 0.562963 0.00416667 0.00740741 0.719754 59
0 0.965365 0.563889 0.0046875 0.00740741 0.814999 61
0 0.965104 0.562963 0.00416667 0.00740741 0.690011 60
0 0.965365 0.565278 0.0046875 0.00833333 0.751715 62
0 0.963542 0.568519 0.00416667 0.00740741 0.456818 55
0 0.964063 0.563889 0.00416667 0.00740741 0.25293 57
0 0.963802 0.565741 0.00364583 0.00740741 0.386876 56
0 0.593229 0.506944 0.00416667 0.00833333 0.844295 19
0 0.94401 0.599074 0.00364583 0.00740741 0.82716 31
0 0.778125 0.542593 0.00416667 0.00740741 0.834974 25
0 0.748958 0.534722 0.00416667 0.00833333 0.858902 24
0 0.917708 0.588426 0.00416667 0.00833333 0.847292 30
0 0.560417 0.503704 0.00416667 0.00740741 0.863682 18
0 0.807292 0.550463 0.00416667 0.00833333 0.853755 26
0 0.835938 0.559259 0.00416667 0.00740741 0.857992 27
0 0.71875 0.528241 0.00416667 0.00833333 0.847627 23
0 0.688021 0.521759 0.00416667 0.00833333 0.849525 22
0 0.625521 0.511111 0.00416667 0.00740741 0.841403 20
0 0.182552 0.506944 0.0046875 0.00833333 0.844459 8
0 0.225781 0.503241 0.0046875 0.00833333 0.855023 9
0 0.656771 0.516204 0.00416667 0.00833333 0.844859 21
