0 0.122917 0.525 0.00416667 0.00740741 0.537051 7
0 0.6125 0.506481 0.00416667 0.00740741 0.850736 20
0 0.647135 0.510648 0.0046875 0.00833333 0.841957 21
0 0.121094 0.520833 0.0046875 0.00833333 0.761983 6
0 0.109896 0.537037 0.00416667 0.00740741 0.257994 4
0 0.715104 0.521296 0.00416667 0.00740741 0.856157 23
0 0.68125 0.515278 0.00416667 0.00833333 0.846009 22
0 0.121094 0.516204 0.0046875 0.00833333 0.79915 5
0 0.8125 0.54213 0.00416667 0.00833333 0.857401 26
0 0.979167 0.591204 0.00416667 0.00648148 0.28361 32
0 0.98125 0.592593 0.00416667 0.00740741 0.575031 33
0 0.84375 0.549537 0.00416667 0.00833333 0.858108 27
0 0.577344 0.502778 0.00364583 0.00740741 0.858553 19
0 0.963802 0.587963 0.0046875 0.00740741 0.856393 31
0 0.779948 0.534259 0.00364583 0.00740741 0.832094 25
0 0.747917 0.527315 0.00416667 0.00833333 0.853659 24
0 0.934375 0.576852 0.00416667 0.00740741 0.840141 30
0 0.541667 0.500463 0.00416667 0.00833333 0.843711 18
0 0.430208 0.496296 0.00416667 0.00740741 0.863246 15
0 0.904427 0.567593 0.0046875 0.00740741 0.851676 29
0 0.874479 0.558333 0.00416667 0.00740741 0.863533 28
0 0.391146 0.49537 0.00416667 0.00740741 0.851649 14
0 0.468229 0.496759 0.00416667 0.00833333 0.836615 16
0 0.505469 0.498148 0.00364583 0.00740741 0.859889 17
0 0.136458 0.518056 0.00416667 0.00833333 0.832403 8
0 0.351302 0.497222 0.0046875 0.00740741 0.854381 13
0 0.309375 0.498611 0.00416667 0.00833333 0.845353 12
0 0.176823 0.508796 0.0046875 0.00833333 0.824855 9
0 0.222135 0.505093 0.0046875 0.00833333 0.849856 10
0 0.266146 0.501389 0.00416667 0.00833333 0.842034 11
0 0.997917 0.561574 0.00416667 0.00833333 0.274617 61
0 0.998438 0.5625 0.003125 0.00833333 0.322106 60
0 0.998698 0.5625 0.00260417 0.00833333 0.441774 58
0 0.998438 0.5625 0.003125 0.00833333 0.543616 59
