0 0.522917 0.496759 0.00416667 0.00833333 0.844581 12
0 0.282552 0.501389 0.0046875 0.00833333 0.853968 6
0 0.325781 0.498611 0.0046875 0.00833333 0.849405 7
0 0.559896 0.498148 0.00416667 0.00740741 0.844032 13
0 0.485938 0.495833 0.00416667 0.00833333 0.854592 11
0 0.238281 0.505093 0.0046875 0.00833333 0.848082 5
0 0.192708 0.509259 0.00416667 0.00740741 0.85113 4
0 0.447396 0.494907 0.00416667 0.00833333 0.856814 10
0 0.595312 0.500463 0.00416667 0.00833333 0.827685 14
0 0.63099 0.504167 0.0046875 0.00833333 0.862708 15
0 0.700521 0.512037 0.00416667 0.00740741 0.838405 17
0 0.147396 0.515741 0.00416667 0.00740741 0.733413 3
0 0.126302 0.526852 0.0046875 0.00740741 0.446884 2
0 0.666146 0.50787 0.00416667 0.00833333 0.824915 16
0 0.733854 0.51713 0.00416667 0.00833333 0.839071 18
0 0.925 0.560648 0.00416667 0.00833333 0.846658 24
0 0.954948 0.569907 0.0046875 0.00833333 0.833892 25
0 0.767448 0.523148 0.00364583 0.00740741 0.821756 19
0 0.832292 0.536574 0.00416667 0.00833333 0.850166 21
0 0.408333 0.49537 0.00416667 0.00740741 0.838095 9
0 0.367708 0.496296 0.00416667 0.00740741 0.824787 8
0 0.80026 0.52963 0.0046875 0.00740741 0.849486 20
0 0.863542 0.543981 0.00416667 0.00833333 0.855995 22
0 0.894271 0.551852 0.00416667 0.00740741 0.85531 23
