0 0.946615 0.5625 0.0046875 0.00833333 0.499776 61
0 0.944531 0.5625 0.0046875 0.00833333 0.821924 62
0 0.798698 0.47963 0.00364583 0.00740741 0.332088 4
0 0.185677 0.501389 0.0046875 0.00833333 0.840892 17
0 0.144531 0.50787 0.0046875 0.00833333 0.852078 16
0 0.596875 0.491204 0.00416667 0.00833333 0.852599 28
0 0.121094 0.518056 0.0046875 0.00833333 0.642642 14
0 0.12526 0.518981 0.0046875 0.00833333 0.641476 15
0 0.630208 0.49537 0.00416667 0.00740741 0.85436 29
0 0.938021 0.567593 0.00416667 0.00740741 0.82722 39
0 0.909115 0.557407 0.0046875 0.00740741 0.847031 38
0 0.11901 0.515741 0.0046875 0.00740741 0.80732 12
0 0.119271 0.514815 0.00416667 0.00740741 0.743849 13
0 0.850521 0.538889 0.00416667 0.00740741 0.85237 36
0 0.386198 0.484259 0.00364583 0.00740741 0.84923 22
0 0.423438 0.484259 0.00416667 0.00740741 0.847884 23
0 0.879687 0.548148 0.00416667 0.00740741 0.857083 37
0 0.348177 0.486574 0.0046875 0.00833333 0.852573 21
0 0.820312 0.530556 0.00416667 0.00740741 0.857427 35
0 0.790104 0.523148 0.00416667 0.00740741 0.842173 34
0 0.309115 0.488426 0.0046875 0.00833333 0.851396 20
0 0.459375 0.483796 0.00416667 0.00833333 0.84995 24
0 0.663021 0.499537 0.00416667 0.00833333 0.83114 30
0 0.227604 0.495833 0.00416667 0.00833333 0.848651 18
0 0.26875 0.49213 0.00416667 0.00833333 0.849821 19
0 0.695573 0.504167 0.0046875 0.00833333 0.855943 31
0 0.494792 0.484722 0.00416667 0.00833333 0.858633 25
0 0.759115 0.515741 0.00364583 0.00740741 0.839636 33
0 0.563542 0.488426 0.00416667 0.00833333 0.851727 27
0 0.529167 0.485648 0.00416667 0.00833333 0.641145 26
0 0.727604 0.509722 0.00416667 0.00833333 0.851838 32
0 0.101823 0.547685 0.00572917 0.0101852 0.688932 9
0 0.0960938 0.555093 0.00572917 0.0101852 0.599393 8
