0 0.5125 0.436574 0.00416667 0.00833333 0.843997 34
0 0.23099 0.453241 0.0046875 0.00833333 0.862443 20
0 0.252865 0.451389 0.0046875 0.00833333 0.847106 21
0 0.53099 0.436574 0.0046875 0.00833333 0.578421 35
0 0.295833 0.446759 0.00520833 0.00833333 0.831243 23
0 0.548958 0.4375 0.00416667 0.00833333 0.768894 36
0 0.27474 0.448611 0.0046875 0.00833333 0.840573 22
0 0.47526 0.437037 0.0046875 0.00740741 0.845539 32
0 0.116146 0.487037 0.00520833 0.00925926 0.760667 5
0 0.49401 0.436574 0.0046875 0.00833333 0.841266 33
0 0.209115 0.456019 0.0046875 0.00833333 0.85268 19
0 0.45599 0.4375 0.0046875 0.00833333 0.832985 31
0 0.118229 0.481481 0.00520833 0.00925926 0.561102 6
0 0.316927 0.444907 0.0046875 0.00833333 0.359857 24
0 0.436979 0.4375 0.00520833 0.00833333 0.841229 30
0 0.186719 0.458796 0.0046875 0.00833333 0.85383 18
0 0.90599 0.481944 0.0046875 0.00833333 0.82928 57
0 0.673698 0.443981 0.0046875 0.00833333 0.730818 43
0 0.890104 0.478241 0.00520833 0.00833333 0.832329 56
0 0.858073 0.471296 0.0046875 0.00740741 0.704425 54
0 0.708594 0.447685 0.0046875 0.00833333 0.69921 45
0 0.809635 0.461574 0.0046875 0.00833333 0.84396 51
0 0.792969 0.459259 0.0046875 0.00740741 0.844987 50
0 0.691146 0.445833 0.00416667 0.00833333 0.624435 44
0 0.826042 0.464352 0.00416667 0.00833333 0.846581 52
0 0.725521 0.449537 0.00416667 0.00833333 0.759777 46
0 0.742708 0.451389 0.00416667 0.00833333 0.538094 47
0 0.842448 0.467593 0.0046875 0.00740741 0.833449 53
0 0.759896 0.453704 0.00416667 0.00740741 0.264404 48
0 0.921615 0.485648 0.0046875 0.00833333 0.586581 58
0 0.936979 0.489815 0.00416667 0.00740741 0.802033 59
0 0.132031 0.473611 0.0046875 0.00833333 0.499389 15
0 0.417708 0.438426 0.00416667 0.00833333 0.775979 29
0 0.125781 0.475926 0.0046875 0.00740741 0.789763 14
0 0.14375 0.466204 0.00520833 0.00833333 0.612766 16
0 0.164583 0.462037 0.00416667 0.00740741 0.84122 17
