0 0.120052 0.475463 0.0046875 0.00833333 0.669354 16
0 0.122396 0.469444 0.00520833 0.00925926 0.683599 17
0 0.202344 0.447685 0.0046875 0.00833333 0.853863 29
0 0.183594 0.450463 0.0046875 0.00833333 0.847897 28
0 0.114583 0.485648 0.00520833 0.0101852 0.847201 14
0 0.797396 0.496759 0.00416667 0.00833333 0.859869 67
0 0.863542 0.524537 0.00520833 0.00833333 0.752895 72
0 0.784115 0.49213 0.0046875 0.00833333 0.843889 66
0 0.75651 0.48287 0.0046875 0.00833333 0.844796 64
0 0.770312 0.4875 0.00416667 0.00833333 0.838644 65
0 0.685938 0.463426 0.00416667 0.00833333 0.840269 59
0 0.714583 0.47037 0.00416667 0.00740741 0.85325 61
0 0.53776 0.438426 0.0046875 0.00833333 0.826378 49
0 0.522396 0.436574 0.00416667 0.00833333 0.839555 48
0 0.70026 0.466667 0.0046875 0.00740741 0.834702 60
0 0.728385 0.474537 0.0046875 0.00833333 0.848208 62
0 0.742448 0.478704 0.0046875 0.00740741 0.846546 63
0 0.491406 0.434259 0.0046875 0.00740741 0.838608 46
0 0.507031 0.435648 0.0046875 0.00833333 0.829274 47
0 0.475781 0.433333 0.0046875 0.00925926 0.845128 45
0 0.460156 0.43287 0.0046875 0.00833333 0.832473 44
0 0.552865 0.440278 0.0046875 0.00833333 0.82133 50
0 0.811198 0.502315 0.0046875 0.00833333 0.856419 68
0 0.44401 0.431944 0.0046875 0.00833333 0.820229 43
0 0.642187 0.453704 0.00416667 0.00740741 0.362361 56
0 0.427865 0.431944 0.0046875 0.00833333 0.794349 42
0 0.238802 0.443056 0.0046875 0.00833333 0.849716 31
0 0.220573 0.444907 0.0046875 0.00833333 0.844189 30
0 0.256771 0.440278 0.00520833 0.00833333 0.841691 32
0 0.165104 0.453704 0.00416667 0.00740741 0.849738 27
0 0.27474 0.438889 0.0046875 0.00925926 0.843625 33
0 0.123698 0.468981 0.0046875 0.00833333 0.767528 22
0 0.292448 0.4375 0.0046875 0.00833333 0.844532 34
