0 0.540625 0.498611 0.00416667 0.00833333 0.844912 26
0 0.74401 0.524537 0.0046875 0.00833333 0.851082 32
0 0.776042 0.531482 0.00416667 0.00740741 0.676334 33
0 0.576042 0.501389 0.00416667 0.00833333 0.856439 27
0 0.711198 0.518981 0.0046875 0.00833333 0.855149 31
0 0.505208 0.496296 0.00416667 0.00740741 0.857016 25
0 0.270573 0.499537 0.0046875 0.00833333 0.836821 19
0 0.227344 0.502778 0.0046875 0.00740741 0.861337 18
0 0.46875 0.49537 0.00416667 0.00740741 0.84243 24
0 0.678125 0.513426 0.00416667 0.00833333 0.846834 30
0 0.807292 0.538889 0.00416667 0.00740741 0.852751 34
0 0.3125 0.496759 0.00416667 0.00833333 0.84905 20
0 0.352865 0.49537 0.00364583 0.00740741 0.746961 21
0 0.838021 0.546296 0.00416667 0.00740741 0.854113 35
0 0.43125 0.494907 0.00416667 0.00833333 0.857047 23
0 0.897656 0.563426 0.0046875 0.00833333 0.852531 37
0 0.867708 0.554167 0.00416667 0.00833333 0.853188 36
0 0.392969 0.494444 0.00364583 0.00740741 0.854552 22
0 0.956771 0.562963 0.00416667 0.00740741 0.384997 40
0 0.95651 0.562963 0.0046875 0.00740741 0.602349 41
0 0.11901 0.518056 0.0046875 0.00833333 0.842594 13
0 0.961458 0.562963 0.00416667 0.00740741 0.261138 12
0 0.927083 0.572222 0.00416667 0.00740741 0.854648 38
0 0.961458 0.5625 0.00416667 0.00833333 0.336519 11
0 0.644792 0.508796 0.00416667 0.00833333 0.8514 29
0 0.123698 0.523611 0.0046875 0.00833333 0.461254 15
0 0.119531 0.521759 0.0046875 0.00833333 0.695732 14
0 0.610417 0.50463 0.00416667 0.00740741 0.850485 28
0 0.10026 0.553241 0.00572917 0.0101852 0.3259 9
0 0.140885 0.514352 0.0046875 0.00833333 0.833429 16
0 0.183073 0.506944 0.0046875 0.00833333 0.840969 17
