0 0.751302 0.595833 0.00364583 0.00648148 0.790836 53
0 0.750521 0.59537 0.00416667 0.00740741 0.825865 54
0 0.990365 0.59213 0.0046875 0.00833333 0.81218 40
0 0.991146 0.591204 0.00416667 0.00833333 0.802785 41
0 0.991667 0.589352 0.00416667 0.00833333 0.456191 43
0 0.991406 0.590278 0.0046875 0.00833333 0.737672 42
0 0.123438 0.52037 0.00416667 0.00740741 0.777726 8
0 0.491146 0.518981 0.00416667 0.00833333 0.863428 19
0 0.720573 0.55 0.00364583 0.00740741 0.840474 25
0 0.929688 0.602778 0.00416667 0.00740741 0.853335 31
0 0.896094 0.593056 0.0046875 0.00833333 0.858929 30
0 0.683854 0.543519 0.00416667 0.00740741 0.837368 24
0 0.123698 0.522685 0.0046875 0.00833333 0.79493 9
0 0.450521 0.516667 0.00416667 0.00740741 0.850853 18
0 0.757292 0.55787 0.00416667 0.00833333 0.839436 26
0 0.792708 0.566204 0.00416667 0.00833333 0.840855 27
0 0.646354 0.537037 0.00416667 0.00740741 0.842345 23
0 0.608333 0.531944 0.00416667 0.00833333 0.863525 22
0 0.530729 0.522685 0.00416667 0.00833333 0.852888 20
0 0.569792 0.526852 0.00416667 0.00740741 0.852339 21
0 0.988281 0.593056 0.0046875 0.00833333 0.427467 38
0 0.123958 0.527778 0.00416667 0.00740741 0.507868 10
0 0.138281 0.521759 0.0046875 0.00833333 0.766166 11
0 0.989583 0.593056 0.00520833 0.00833333 0.792022 39
0 0.228906 0.513889 0.0046875 0.00740741 0.848468 13
0 0.180729 0.514815 0.00416667 0.00740741 0.851267 12
0 0.365625 0.513889 0.00416667 0.00740741 0.835032 16
0 0.408594 0.514352 0.0046875 0.00833333 0.845289 17
0 0.321354 0.512963 0.00520833 0.00925926 0.846118 15
0 0.861979 0.583796 0.00416667 0.00833333 0.822033 29
0 0.827604 0.574074 0.00416667 0.00740741 0.82773 28
0 0.275781 0.5125 0.0046875 0.00833333 0.842439 14
