0 0.782552 0.441667 0.0046875 0.00740741 0.842915 87
0 0.885677 0.457407 0.0046875 0.00740741 0.852717 93
0 0.660677 0.4375 0.0046875 0.00833333 0.550133 44
0 0.660677 0.4375 0.0046875 0.00833333 0.523856 50
0 0.660677 0.4375 0.0046875 0.00833333 0.446365 51
0 0.660677 0.4375 0.0046875 0.00833333 0.442233 45
0 0.660677 0.437963 0.0046875 0.00925926 0.337836 79
0 0.86901 0.454167 0.0046875 0.00833333 0.8215 92
0 0.764844 0.440278 0.0046875 0.00833333 0.850507 86
0 0.660677 0.4375 0.0046875 0.00833333 0.789019 8
0 0.834635 0.449074 0.0046875 0.00740741 0.713587 90
0 0.728906 0.436111 0.0046875 0.00740741 0.81008 84
0 0.660677 0.4375 0.0046875 0.00833333 0.676764 53
0 0.660677 0.4375 0.0046875 0.00833333 0.457607 47
0 0.660677 0.4375 0.0046875 0.00833333 0.465656 46
0 0.660677 0.4375 0.0046875 0.00833333 0.601587 52
0 0.747135 0.437963 0.0046875 0.00740741 0.840996 85
0 0.851823 0.451389 0.0046875 0.00833333 0.740126 91
0 0.660677 0.4375 0.0046875 0.00833333 0.778936 9
0 0.919531 0.463889 0.0046875 0.00740741 0.820255 95
0 0.674479 0.432407 0.00416667 0.00740741 0.72585 81
0 0.175521 0.460185 0.00416667 0.00740741 0.847023 56
0 0.660677 0.4375 0.0046875 0.00833333 0.495347 42
0 0.114583 0.486111 0.00520833 0.00925926 0.744718 43
0 0.197917 0.456944 0.00416667 0.00833333 0.85464 57
0 0.660677 0.437963 0.0046875 0.00925926 0.731354 94
0 0.692969 0.433796 0.0046875 0.00833333 0.795557 82
0 0.660677 0.437963 0.0046875 0.00925926 0.768705 96
0 0.660677 0.4375 0.0046875 0.00833333 0.477723 41
0 0.660677 0.4375 0.0046875 0.00833333 0.625327 55
0 0.449219 0.431944 0.0046875 0.00833333 0.696029 69
0 0.429427 0.433796 0.0046875 0.00833333 0.842567 68
0 0.660677 0.4375 0.0046875 0.00833333 0.64468 54
0 0.660677 0.4375 0.0046875 0.00833333 0.286337 40
0 0.952865 0.470833 0.0046875 0.00833333 0.768878 97
0 0.711198 0.434722 0.0046875 0.00833333 0.81212 83
0 0.660677 0.4375 0.0046875 0.00833333 0.534549 118
0 0.660677 0.437963 0.0046875 0.00925926 0.282628 27
0 0.660677 0.4375 0.0046875 0.00833333 0.386432 33
0 0.660677 0.4375 0.0046875 0.00833333 0.32821 32
0 0.660677 0.4375 0.0046875 0.00833333 0.626602 119
0 0.660677 0.437963 0.0046875 0.00925926 0.449078 18
0 0.660677 0.437963 0.0046875 0.00925926 0.391649 30
0 0.660677 0.437963 0.0046875 0.00925926 0.402214 24
0 0.660677 0.4375 0.0046875 0.00833333 0.481709 25
0 0.660677 0.437963 0.0046875 0.00925926 0.35053 19
0 0.660677 0.4375 0.0046875 0.00833333 0.693391 122
0 0.660677 0.4375 0.0046875 0.00833333 0.5021 35
0 0.660677 0.437963 0.0046875 0.00925926 0.407103 21
0 0.660677 0.437963 0.0046875 0.00925926 0.377727 20
0 0.660677 0.4375 0.0046875 0.00833333 0.366251 34
0 0.660677 0.4375 0.0046875 0.00833333 0.553477 121
0 0.660677 0.4375 0.0046875 0.00833333 0.501144 109
0 0.660677 0.4375 0.0046875 0.00833333 0.471566 22
0 0.660677 0.4375 0.0046875 0.00833333 0.551053 36
0 0.660677 0.4375 0.0046875 0.00833333 0.38498 37
0 0.660677 0.437963 0.0046875 0.00925926 0.413027 23
0 0.660677 0.4375 0.0046875 0.00833333 0.522673 108
0 0.660677 0.4375 0.0046875 0.00833333 0.520393 120
0 0.660677 0.4375 0.0046875 0.00833333 0.469962 105
0 0.660677 0.4375 0.0046875 0.00833333 0.649763 111
0 0.660677 0.4375 0.0046875 0.00833333 0.769189 12
0 0.660677 0.437963 0.0046875 0.00925926 0.728158 13
0 0.660677 0.4375 0.0046875 0.00833333 0.633698 110
0 0.660677 0.4375 0.0046875 0.00833333 0.591541 104
0 0.660677 0.437963 0.0046875 0.00925926 0.729777 112
0 0.660677 0.4375 0.0046875 0.00833333 0.520373 106
0 0.660677 0.4375 0.0046875 0.00833333 0.397635 39
0 0.660677 0.4375 0.0046875 0.00833333 0.774212 11
0 0.660677 0.4375 0.0046875 0.00833333 0.778592 10
0 0.660677 0.4375 0.0046875 0.00833333 0.386757 38
0 0.660677 0.437963 0.0046875 0.00925926 0.556683 107
0 0.660677 0.437963 0.0046875 0.00925926 0.705939 113
0 0.660677 0.4375 0.0046875 0.00833333 0.561217 117
0 0.660677 0.437963 0.0046875 0.00925926 0.597244 103
0 0.660677 0.4375 0.0046875 0.00833333 0.655036 14
0 0.660677 0.437963 0.0046875 0.00925926 0.281441 29
0 0.660677 0.4375 0.0046875 0.00833333 0.641443 15
0 0.660677 0.437963 0.0046875 0.00925926 0.694685 102
0 0.660677 0.4375 0.0046875 0.00833333 0.696484 116
0 0.660677 0.437963 0.0046875 0.00925926 0.717775 100
0 0.660677 0.4375 0.0046875 0.00833333 0.700029 114
0 0.660677 0.4375 0.0046875 0.00833333 0.421083 17
0 0.660677 0.437963 0.0046875 0.00925926 0.317388 16
0 0.660677 0.4375 0.0046875 0.00833333 0.715812 115
0 0.660677 0.437963 0.0046875 0.00925926 0.676849 101
0 0.660677 0.4375 0.0046875 0.00833333 0.780074 2
0 0.241927 0.451389 0.0046875 0.00833333 0.855258 59
0 0.660677 0.4375 0.0046875 0.00833333 0.592784 65
0 0.48776 0.431019 0.0046875 0.00833333 0.843606 71
0 0.46849 0.431481 0.0046875 0.00740741 0.837565 70
0 0.660677 0.437963 0.0046875 0.00925926 0.646386 64
0 0.220052 0.454167 0.0046875 0.00833333 0.860679 58
0 0.660677 0.4375 0.0046875 0.00833333 0.778477 3
0 0.660677 0.437963 0.0046875 0.00925926 0.770808 1
0 0.985937 0.479167 0.00520833 0.00833333 0.814714 99
0 0.507031 0.430093 0.0046875 0.00833333 0.83951 72
0 0.660677 0.4375 0.0046875 0.00833333 0.581098 66
0 0.409635 0.434722 0.0046875 0.00833333 0.780015 67
0 0.526302 0.430093 0.0046875 0.00833333 0.831875 73
0 0.660677 0.4375 0.0046875 0.00833333 0.751714 98
0 0.660677 0.4375 0.0046875 0.00833333 0.780538 4
0 0.79974 0.443981 0.0046875 0.00833333 0.830242 88
0 0.660677 0.4375 0.0046875 0.00833333 0.695041 63
0 0.30651 0.443056 0.0046875 0.00833333 0.830266 62
0 0.660937 0.437963 0.00520833 0.00925926 0.307083 76
0 0.817448 0.446759 0.0046875 0.00833333 0.817092 89
0 0.660677 0.4375 0.0046875 0.00833333 0.787988 5
0 0.660677 0.4375 0.0046875 0.00833333 0.790501 7
0 0.263542 0.448611 0.00520833 0.00833333 0.856331 60
0 0.660677 0.437963 0.0046875 0.00925926 0.339929 74
0 0.660677 0.4375 0.0046875 0.00833333 0.296878 48
0 0.660677 0.4375 0.0046875 0.00833333 0.519351 49
0 0.660677 0.437963 0.0046875 0.00925926 0.377897 75
0 0.285156 0.445833 0.0046875 0.00833333 0.832288 61
0 0.660677 0.4375 0.0046875 0.00833333 0.788507 6
