0 0.777083 0.536111 0.00416667 0.00740741 0.844502 39
0 0.74375 0.530093 0.00416667 0.00833333 0.843208 38
0 0.377083 0.500463 0.00416667 0.00833333 0.846991 28
0 0.417708 0.500463 0.00416667 0.00833333 0.844576 29
0 0.933333 0.576852 0.00416667 0.00740741 0.840834 44
0 0.957031 0.586574 0.00364583 0.00648148 0.809924 45
0 0.957812 0.586574 0.00416667 0.00833333 0.856583 46
0 0.872396 0.559259 0.00416667 0.00740741 0.851218 42
0 0.902865 0.568519 0.0046875 0.00740741 0.851851 43
0 0.841146 0.550926 0.00416667 0.00740741 0.865132 41
0 0.809375 0.543981 0.00416667 0.00833333 0.849846 40
0 0.569271 0.506944 0.00416667 0.00833333 0.857936 33
0 0.334896 0.501389 0.00416667 0.00833333 0.829546 27
0 0.291667 0.503241 0.00416667 0.00833333 0.837859 26
0 0.532292 0.504167 0.00416667 0.00833333 0.853983 32
0 0.201042 0.508796 0.00416667 0.00833333 0.838779 24
0 0.456771 0.500463 0.00416667 0.00833333 0.84559 30
0 0.121354 0.519907 0.00416667 0.00833333 0.746962 19
0 0.495313 0.501852 0.00416667 0.00740741 0.859244 31
0 0.246875 0.506019 0.00416667 0.00833333 0.849538 25
0 0.122396 0.525 0.00416667 0.00740741 0.672017 21
0 0.640885 0.514352 0.0046875 0.00833333 0.851311 35
0 0.605208 0.509722 0.00416667 0.00833333 0.866087 34
0 0.121875 0.518519 0.00416667 0.00740741 0.81908 20
0 0.675521 0.518981 0.00416667 0.00833333 0.849454 36
0 0.130208 0.525 0.00416667 0.00740741 0.776395 22
0 0.154427 0.514352 0.0046875 0.00833333 0.754294 23
0 0.709896 0.524074 0.00416667 0.00740741 0.852782 37
