0 0.11276 0.522685 0.0046875 0.00833333 0.815622 3
0 0.11276 0.522685 0.0046875 0.00833333 0.795307 16
0 0.11276 0.522685 0.0046875 0.00833333 0.802035 17
0 0.11276 0.522685 0.0046875 0.00833333 0.816055 2
0 0.11276 0.522685 0.0046875 0.00833333 0.798767 15
0 0.11276 0.522685 0.0046875 0.00833333 0.796098 29
0 0.11276 0.522685 0.0046875 0.00833333 0.796006 28
0 0.11276 0.522685 0.0046875 0.00833333 0.80076 14
0 0.11276 0.522685 0.0046875 0.00833333 0.815797 1
0 0.11276 0.522685 0.0046875 0.00833333 0.805301 5
0 0.11276 0.522685 0.0046875 0.00833333 0.798369 38
0 0.11276 0.522685 0.0046875 0.00833333 0.678331 109
0 0.11276 0.522685 0.0046875 0.00833333 0.788359 10
0 0.11276 0.522685 0.0046875 0.00833333 0.654256 108
0 0.11276 0.522685 0.0046875 0.00833333 0.789766 11
0 0.11276 0.522685 0.0046875 0.00833333 0.797677 39
0 0.11276 0.522685 0.0046875 0.00833333 0.816938 4
0 0.11276 0.522685 0.0046875 0.00833333 0.805067 6
0 0.11276 0.522685 0.0046875 0.00833333 0.797574 13
0 0.11276 0.522685 0.0046875 0.00833333 0.790885 12
0 0.11276 0.522685 0.0046875 0.00833333 0.803685 7
0 0.11276 0.522685 0.0046875 0.00833333 0.795495 61
0 0.270573 0.434722 0.0046875 0.00833333 0.817834 75
0 0.11276 0.522685 0.0046875 0.00833333 0.804652 49
0 0.11276 0.522685 0.0046875 0.00833333 0.803408 48
0 0.11276 0.522685 0.0046875 0.00833333 0.657814 74
0 0.11276 0.522685 0.0046875 0.00833333 0.791082 60
0 0.0356771 0.474537 0.0046875 0.00833333 0.774465 89
0 0.253385 0.436111 0.00572917 0.00925926 0.712218 76
0 0.11276 0.522685 0.0046875 0.00833333 0.787097 62
0 0.11276 0.522685 0.0046875 0.00833333 0.787938 63
0 0.236198 0.438426 0.0046875 0.00833333 0.808101 77
0 0.0520833 0.47037 0.00520833 0.00925926 0.850342 88
0 0.813021 0.468981 0.00416667 0.00833333 0.787557 98
0 0.11276 0.522685 0.0046875 0.00833333 0.740138 73
0 0.11276 0.522685 0.0046875 0.00833333 0.764182 67
0 0.11276 0.522685 0.0046875 0.00833333 0.763687 66
0 0.11276 0.522685 0.0046875 0.00833333 0.707414 72
0 0.11276 0.522685 0.0046875 0.00833333 0.769762 99
0 0.11276 0.522685 0.0046875 0.00833333 0.799365 58
0 0.11276 0.522685 0.0046875 0.00833333 0.778031 64
0 0.11276 0.522685 0.0046875 0.00833333 0.755953 70
0 0.11276 0.522685 0.0046875 0.00833333 0.746575 71
0 0.11276 0.522685 0.0046875 0.00833333 0.74069 65
0 0.11276 0.522685 0.0046875 0.00833333 0.796507 59
0 0.134896 0.452778 0.00520833 0.00925926 0.845492 83
0 0.813021 0.469907 0.00416667 0.00833333 0.782603 97
0 0.878125 0.491667 0.00625 0.0111111 0.797519 40
0 0.11276 0.522685 0.0046875 0.00833333 0.804065 54
0 0.11276 0.522685 0.0046875 0.00833333 0.751853 68
0 0.11276 0.522685 0.0046875 0.00833333 0.762982 69
0 0.11276 0.522685 0.0046875 0.00833333 0.802809 55
0 0.11276 0.522685 0.0046875 0.00833333 0.800068 41
0 0.81276 0.469907 0.0046875 0.00833333 0.772754 96
0 0.151562 0.45 0.00520833 0.00925926 0.813838 82
0 0.81276 0.471759 0.0046875 0.00833333 0.779512 94
0 0.185417 0.444907 0.00520833 0.00833333 0.847591 80
0 0.11276 0.522685 0.0046875 0.00833333 0.802284 57
0 0.11276 0.522685 0.0046875 0.00833333 0.801969 43
0 0.11276 0.522685 0.0046875 0.00833333 0.800843 42
0 0.11276 0.522685 0.0046875 0.00833333 0.804413 56
0 0.168229 0.447222 0.00520833 0.00925926 0.854158 81
0 0.813281 0.470833 0.0046875 0.00833333 0.77265 95
0 0.81224 0.475463 0.0046875 0.00833333 0.737286 91
0 0.101823 0.459259 0.00572917 0.00925926 0.863139 85
0 0.11276 0.522685 0.0046875 0.00833333 0.801607 52
0 0.805729 0.472222 0.00520833 0.00925926 0.849842 46
0 0.785417 0.468519 0.00520833 0.00925926 0.847602 47
0 0.11276 0.522685 0.0046875 0.00833333 0.80469 53
0 0.118229 0.456481 0.00520833 0.00925926 0.848462 84
0 0.811979 0.476389 0.00416667 0.00833333 0.677478 90
0 0.0854167 0.462963 0.00520833 0.00925926 0.856224 86
0 0.113021 0.522685 0.00416667 0.00833333 0.538963 92
0 0.202083 0.44213 0.00520833 0.00833333 0.844739 79
0 0.826042 0.476852 0.00520833 0.00925926 0.853193 45
0 0.11276 0.522685 0.0046875 0.00833333 0.802687 51
0 0.11276 0.522685 0.0046875 0.00833333 0.804065 50
0 0.11276 0.522685 0.0046875 0.00833333 0.802572 44
0 0.219271 0.440278 0.00520833 0.00833333 0.847324 78
0 0.11276 0.522685 0.0046875 0.00833333 0.710599 93
0 0.06875 0.466204 0.00520833 0.00833333 0.85006 87
0 0.11276 0.522685 0.0046875 0.00833333 0.799694 23
0 0.879427 0.484259 0.00572917 0.0111111 0.810009 37
0 0.11276 0.522685 0.0046875 0.00833333 0.617957 106
0 0.11276 0.522685 0.0046875 0.00833333 0.642676 112
0 0.11276 0.522685 0.0046875 0.00833333 0.633712 113
0 0.11276 0.522685 0.0046875 0.00833333 0.608422 107
0 0.882292 0.483796 0.00625 0.0101852 0.811904 36
0 0.11276 0.522685 0.0046875 0.00833333 0.798478 22
0 0.11276 0.522685 0.0046875 0.00833333 0.788161 9
0 0.889323 0.484259 0.00677083 0.0111111 0.835669 34
0 0.11276 0.522685 0.0046875 0.00833333 0.797865 20
0 0.11276 0.522685 0.0046875 0.00833333 0.663839 111
0 0.11276 0.522685 0.0046875 0.00833333 0.64878 105
0 0.811458 0.47037 0.00416667 0.00740741 0.738159 104
0 0.11276 0.522685 0.0046875 0.00833333 0.729761 110
0 0.11276 0.522685 0.0046875 0.00833333 0.798233 21
0 0.885677 0.484259 0.00677083 0.0111111 0.836135 35
0 0.11276 0.522685 0.0046875 0.00833333 0.788916 8
0 0.11276 0.522685 0.0046875 0.00833333 0.538701 114
0 0.11276 0.522685 0.0046875 0.00833333 0.796078 19
0 0.11276 0.522685 0.0046875 0.00833333 0.745684 100
0 0.900781 0.489815 0.00572917 0.00925926 0.799663 31
0 0.11276 0.522685 0.0046875 0.00833333 0.798789 25
0 0.11276 0.522685 0.0046875 0.00833333 0.797062 24
0 0.11276 0.522685 0.0046875 0.00833333 0.796096 30
0 0.11276 0.522685 0.0046875 0.00833333 0.796048 18
0 0.11276 0.522685 0.0046875 0.00833333 0.730485 101
0 0.11276 0.522685 0.0046875 0.00833333 0.400018 115
0 0.811979 0.469444 0.00416667 0.00740741 0.674251 103
0 0.11276 0.522685 0.0046875 0.00833333 0.797776 26
0 0.897135 0.4875 0.00572917 0.0101852 0.839205 32
0 0.89349 0.485648 0.00572917 0.0101852 0.831524 33
0 0.11276 0.522685 0.0046875 0.00833333 0.79751 27
0 0.11276 0.522685 0.0046875 0.00833333 0.536762 116
0 0.81224 0.468981 0.0046875 0.00833333 0.728815 102
