0 0.689062 0.536574 0.00416667 0.00833333 0.863909 27
0 0.892187 0.581481 0.00416667 0.00740741 0.849884 33
0 0.958594 0.593982 0.00364583 0.00648148 0.790404 32
0 0.652604 0.531018 0.00416667 0.00833333 0.842165 26
0 0.336198 0.510185 0.0046875 0.00740741 0.848562 18
0 0.79375 0.556944 0.00416667 0.00833333 0.850649 30
0 0.578646 0.521759 0.00416667 0.00833333 0.848186 24
0 0.616146 0.526389 0.00416667 0.00833333 0.841572 25
0 0.827083 0.564815 0.00416667 0.00740741 0.856386 31
0 0.379687 0.510185 0.00416667 0.00740741 0.851178 19
0 0.955208 0.600926 0.00416667 0.00740741 0.831673 35
0 0.4625 0.5125 0.00416667 0.00833333 0.82127 21
0 0.421875 0.511574 0.00416667 0.00833333 0.845924 20
0 0.923958 0.590741 0.00416667 0.00740741 0.856238 34
0 0.502083 0.515278 0.00416667 0.00833333 0.858081 22
0 0.540625 0.518519 0.00416667 0.00740741 0.857678 23
0 0.108854 0.545833 0.00625 0.0101852 0.597145 8
0 0.121354 0.525 0.00416667 0.00740741 0.428305 12
0 0.125 0.528704 0.00416667 0.00740741 0.746023 13
0 0.140885 0.537963 0.0046875 0.00740741 0.291471 4
0 0.121875 0.519907 0.00416667 0.00833333 0.843808 11
0 0.149219 0.517593 0.0046875 0.00740741 0.394952 14
0 0.724479 0.543056 0.00416667 0.00833333 0.849226 28
0 0.759375 0.549074 0.00416667 0.00740741 0.821472 29
0 0.197396 0.513426 0.00520833 0.00833333 0.843421 15
0 0.291406 0.510648 0.0046875 0.00833333 0.832239 17
0 0.245052 0.512037 0.0046875 0.00925926 0.846476 16
