0 0.11276 0.523611 0.0046875 0.00833333 0.826998 81
0 0.147917 0.453704 0.00520833 0.00925926 0.780262 95
0 0.11276 0.523611 0.0046875 0.00833333 0.77847 42
0 0.113021 0.523611 0.00416667 0.00833333 0.660369 56
0 0.861198 0.478704 0.00677083 0.0111111 0.731821 57
0 0.11276 0.523611 0.0046875 0.00833333 0.793675 43
0 0.165625 0.450926 0.00520833 0.00925926 0.84113 94
0 0.11276 0.523611 0.0046875 0.00833333 0.829345 80
0 0.130729 0.456481 0.00520833 0.00925926 0.835243 96
0 0.11276 0.523611 0.0046875 0.00833333 0.83172 82
0 0.113021 0.523611 0.00416667 0.00833333 0.703619 69
0 0.113021 0.523611 0.00416667 0.00833333 0.703042 55
0 0.113021 0.523611 0.00416667 0.00833333 0.762852 41
0 0.113021 0.523611 0.00416667 0.00833333 0.759639 40
0 0.873177 0.476389 0.00677083 0.012037 0.819472 54
0 0.113021 0.523611 0.00416667 0.00833333 0.610745 68
0 0.11276 0.523611 0.0046875 0.00833333 0.833648 83
0 0.113021 0.459259 0.00520833 0.00925926 0.850455 97
0 0.183333 0.448611 0.00520833 0.00833333 0.848259 93
0 0.11276 0.523611 0.0046875 0.00833333 0.808451 87
0 0.113021 0.523611 0.00416667 0.00833333 0.705201 50
0 0.11276 0.523611 0.0046875 0.00833333 0.79515 44
0 0.11276 0.523611 0.0046875 0.00833333 0.829804 78
0 0.11276 0.523611 0.0046875 0.00833333 0.830065 79
0 0.11276 0.523611 0.0046875 0.00833333 0.790916 45
0 0.113021 0.523611 0.00416667 0.00833333 0.721239 51
0 0.11276 0.523611 0.0046875 0.00833333 0.830653 86
0 0.201042 0.445833 0.00520833 0.00833333 0.84539 92
0 0.11276 0.523611 0.0046875 0.00833333 0.834398 84
0 0.236719 0.441204 0.0046875 0.00833333 0.83598 90
0 0.828385 0.496296 0.00885417 0.0166667 0.849897 47
0 0.874219 0.475463 0.00677083 0.012037 0.87881 53
0 0.87474 0.475926 0.00677083 0.012963 0.848198 52
0 0.113021 0.523611 0.00416667 0.00833333 0.768127 46
0 0.21901 0.443519 0.0046875 0.00925926 0.819098 91
0 0.11276 0.523611 0.0046875 0.00833333 0.831134 85
0 0.113021 0.523611 0.00416667 0.00833333 0.739657 21
0 0.113021 0.523611 0.00416667 0.00833333 0.767311 35
0 0.113021 0.523611 0.00416667 0.00833333 0.750118 5
0 0.113021 0.523611 0.00416667 0.00833333 0.757776 4
0 0.113021 0.523611 0.00416667 0.00833333 0.766396 34
0 0.113021 0.523611 0.00416667 0.00833333 0.748876 20
0 0.11276 0.523611 0.0046875 0.00833333 0.773821 36
0 0.11276 0.523611 0.0046875 0.00833333 0.749006 22
0 0.11276 0.523611 0.0046875 0.00833333 0.817533 121
0 0.11276 0.523611 0.0046875 0.00833333 0.830124 109
0 0.113021 0.523611 0.00416667 0.00833333 0.743466 6
0 0.113021 0.523611 0.00416667 0.00833333 0.743522 7
0 0.11276 0.523611 0.0046875 0.00833333 0.830053 108
0 0.11276 0.523611 0.0046875 0.00833333 0.807234 120
0 0.11276 0.523611 0.0046875 0.00833333 0.737903 23
0 0.113021 0.523611 0.00416667 0.00833333 0.771234 37
0 0.113021 0.523611 0.00416667 0.00833333 0.757906 33
0 0.11276 0.523611 0.0046875 0.00833333 0.736168 27
0 0.11276 0.523611 0.0046875 0.00833333 0.681197 118
0 0.113021 0.523611 0.00416667 0.00833333 0.756388 3
0 0.113021 0.523611 0.00416667 0.00833333 0.757622 2
0 0.11276 0.523611 0.0046875 0.00833333 0.780297 119
0 0.11276 0.523611 0.0046875 0.00833333 0.743305 26
0 0.113021 0.523611 0.00416667 0.00833333 0.757693 32
0 0.11276 0.523611 0.0046875 0.00833333 0.739593 24
0 0.113021 0.523611 0.00416667 0.00833333 0.749322 30
0 0.113021 0.523611 0.00416667 0.00833333 0.745392 18
0 0.11276 0.523611 0.0046875 0.00833333 0.755762 1
0 0.113021 0.523611 0.00416667 0.00833333 0.741802 19
0 0.113021 0.523611 0.00416667 0.00833333 0.751573 31
0 0.11276 0.523611 0.0046875 0.00833333 0.736088 25
0 0.11276 0.523611 0.0046875 0.00833333 0.741014 28
0 0.11276 0.523611 0.0046875 0.00833333 0.741018 14
0 0.11276 0.523611 0.0046875 0.00833333 0.742245 117
0 0.11276 0.523611 0.0046875 0.00833333 0.832447 103
0 0.0278646 0.477315 0.0046875 0.00833333 0.808123 102
0 0.11276 0.523611 0.0046875 0.00833333 0.741457 116
0 0.11276 0.523611 0.0046875 0.00833333 0.741145 15
0 0.11276 0.523611 0.0046875 0.00833333 0.736264 29
0 0.11276 0.523611 0.0046875 0.00833333 0.728107 17
0 0.0619792 0.469444 0.00520833 0.00925926 0.857207 100
0 0.11276 0.523611 0.0046875 0.00833333 0.728508 114
0 0.11276 0.523611 0.0046875 0.00833333 0.740612 115
0 0.0450521 0.473611 0.0046875 0.00833333 0.848362 101
0 0.11276 0.523611 0.0046875 0.00833333 0.738308 16
0 0.11276 0.523611 0.0046875 0.00833333 0.748321 12
0 0.11276 0.523611 0.0046875 0.00833333 0.80074 105
0 0.11276 0.523611 0.0046875 0.00833333 0.797739 111
0 0.113021 0.523611 0.00416667 0.00833333 0.797276 110
0 0.11276 0.523611 0.0046875 0.00833333 0.818218 104
0 0.113021 0.523611 0.00416667 0.00833333 0.741154 13
0 0.11276 0.523611 0.0046875 0.00833333 0.744245 11
0 0.113021 0.523611 0.00416667 0.00833333 0.747236 39
0 0.11276 0.523611 0.0046875 0.00833333 0.784517 112
0 0.11276 0.523611 0.0046875 0.00833333 0.828363 106
0 0.11276 0.523611 0.0046875 0.00833333 0.741592 9
0 0.11276 0.523611 0.0046875 0.00833333 0.747883 8
0 0.11276 0.523611 0.0046875 0.00833333 0.829277 107
0 0.113021 0.523611 0.00416667 0.00833333 0.744174 113
0 0.113021 0.523611 0.00416667 0.00833333 0.757029 38
0 0.113021 0.523611 0.00416667 0.00833333 0.745499 10
0 0.273177 0.437963 0.0046875 0.00925926 0.823308 88
0 0.113021 0.523611 0.00416667 0.00833333 0.729136 63
0 0.11276 0.523611 0.0046875 0.00833333 0.82947 77
0 0.11276 0.523611 0.0046875 0.00833333 0.824706 76
0 0.775781 0.453704 0.0046875 0.00925926 0.750009 62
0 0.254948 0.439815 0.0046875 0.00925926 0.805458 89
0 0.113021 0.523611 0.00416667 0.00833333 0.731131 48
0 0.11276 0.523611 0.0046875 0.00833333 0.816477 74
0 0.817448 0.459259 0.0046875 0.00925926 0.859701 60
0 0.796615 0.456481 0.0046875 0.00925926 0.845468 61
0 0.11276 0.523611 0.0046875 0.00833333 0.81738 75
0 0.113021 0.523611 0.00416667 0.00833333 0.708354 49
0 0.11276 0.523611 0.0046875 0.00833333 0.770484 71
0 0.113021 0.523611 0.00416667 0.00833333 0.735287 65
0 0.83724 0.465278 0.00572917 0.0101852 0.73827 59
0 0.113021 0.523611 0.00416667 0.00833333 0.684386 58
0 0.113021 0.523611 0.00416667 0.00833333 0.7392 64
0 0.113021 0.523611 0.00416667 0.00833333 0.754136 70
0 0.0786458 0.466204 0.00520833 0.00833333 0.838566 99
0 0.113021 0.523611 0.00416667 0.00833333 0.726132 66
0 0.11276 0.523611 0.0046875 0.00833333 0.77942 72
0 0.11276 0.523611 0.0046875 0.00833333 0.793443 73
0 0.113021 0.523611 0.00416667 0.00833333 0.639241 67
0 0.0958333 0.462963 0.00520833 0.00925926 0.851595 98
