0 0.977865 0.563426 0.0046875 0.00833333 0.591555 58
0 0.95625 0.563889 0.00416667 0.00740741 0.461503 4
0 0.515625 0.484722 0.00416667 0.00833333 0.856805 28
0 0.119792 0.51713 0.00416667 0.00833333 0.811208 15
0 0.550521 0.486111 0.00416667 0.00740741 0.849044 29
0 0.95625 0.563889 0.00416667 0.00740741 0.619691 5
0 0.95625 0.563426 0.00416667 0.00833333 0.741407 7
0 0.121875 0.523148 0.00416667 0.00740741 0.463639 17
0 0.120312 0.518519 0.00416667 0.00740741 0.789007 16
0 0.95625 0.563889 0.00416667 0.00740741 0.723069 6
0 0.102604 0.549537 0.00625 0.0101852 0.813399 12
0 0.956771 0.563426 0.00416667 0.00833333 0.551026 13
0 0.0966146 0.557407 0.00572917 0.00925926 0.443208 11
0 0.870833 0.537037 0.00416667 0.00740741 0.854753 39
0 0.841146 0.528704 0.00416667 0.00740741 0.852349 38
0 0.95651 0.562963 0.0046875 0.00740741 0.426574 10
0 0.748958 0.508796 0.00416667 0.00833333 0.862635 35
0 0.246354 0.497685 0.00416667 0.00833333 0.851637 21
0 0.203385 0.502315 0.0046875 0.00833333 0.865057 20
0 0.717188 0.502778 0.00416667 0.00740741 0.849252 34
0 0.288281 0.493056 0.0046875 0.00833333 0.844605 22
0 0.780208 0.514815 0.00416667 0.00740741 0.840468 36
0 0.810938 0.521759 0.00416667 0.00833333 0.856065 37
0 0.328646 0.490278 0.00416667 0.00833333 0.841771 23
0 0.480208 0.484259 0.00416667 0.00740741 0.858034 27
0 0.684896 0.498611 0.00416667 0.00833333 0.845919 33
0 0.651823 0.493981 0.0046875 0.00833333 0.856597 32
0 0.444271 0.484259 0.00416667 0.00740741 0.848727 26
0 0.95625 0.562963 0.00416667 0.00740741 0.674944 8
0 0.584896 0.487963 0.00416667 0.00740741 0.849371 30
0 0.36875 0.488426 0.00416667 0.00833333 0.820335 24
0 0.129948 0.520833 0.0046875 0.00833333 0.781463 18
0 0.159635 0.508796 0.0046875 0.00833333 0.824727 19
0 0.406771 0.485185 0.00416667 0.00740741 0.829548 25
0 0.61849 0.490741 0.0046875 0.00740741 0.859775 31
0 0.95625 0.562963 0.00416667 0.00740741 0.606117 9
0 0.977344 0.563426 0.0046875 0.00833333 0.554534 56
0 0.957031 0.564352 0.0046875 0.00833333 0.721539 42
0 0.977344 0.563426 0.0046875 0.00833333 0.697666 57
0 0.928646 0.55463 0.00416667 0.00740741 0.847134 41
0 0.976302 0.563426 0.0046875 0.00833333 0.819205 55
0 0.976042 0.563426 0.00520833 0.00833333 0.815512 54
0 0.89974 0.545833 0.0046875 0.00833333 0.831643 40
0 0.96875 0.562037 0.00416667 0.00740741 0.42468 45
0 0.975781 0.563426 0.0046875 0.00833333 0.457689 53
