0 0.197396 0.509722 0.00416667 0.00833333 0.84143 10
0 0.245052 0.50787 0.0046875 0.00833333 0.845861 11
0 0.33724 0.506019 0.0046875 0.00833333 0.85661 13
0 0.291927 0.506481 0.0046875 0.00925926 0.84541 12
0 0.464583 0.50787 0.00416667 0.00833333 0.839311 16
0 0.149219 0.514352 0.0046875 0.00833333 0.801877 9
0 0.127083 0.527778 0.00416667 0.00740741 0.825043 8
0 0.504687 0.510648 0.00416667 0.00833333 0.850186 17
0 0.929167 0.584722 0.00416667 0.00833333 0.867206 29
0 0.423438 0.506944 0.00416667 0.00833333 0.860956 15
0 0.38099 0.505556 0.00364583 0.00740741 0.83686 14
0 0.897396 0.575926 0.00416667 0.00740741 0.841533 28
0 0.797917 0.550926 0.00416667 0.00740741 0.846336 25
0 0.581771 0.51713 0.00416667 0.00833333 0.850535 19
0 0.12474 0.520833 0.0046875 0.00833333 0.825843 6
0 0.123438 0.525926 0.00416667 0.00740741 0.728475 7
0 0.543229 0.513889 0.00416667 0.00740741 0.857058 18
0 0.763542 0.544444 0.00416667 0.00740741 0.848335 24
0 0.960938 0.594444 0.00416667 0.00740741 0.849541 30
0 0.831771 0.559259 0.00416667 0.00740741 0.846264 26
0 0.123177 0.523148 0.00364583 0.00740741 0.698018 5
0 0.865104 0.56713 0.00416667 0.00833333 0.8538 27
0 0.728646 0.5375 0.00416667 0.00833333 0.839769 23
0 0.692708 0.531482 0.00416667 0.00740741 0.86164 22
0 0.109375 0.549537 0.00625 0.0101852 0.455832 3
0 0.619271 0.521296 0.00416667 0.00740741 0.842388 20
0 0.65651 0.525463 0.0046875 0.00833333 0.852443 21
