0 0.465885 0.456019 0.0046875 0.00833333 0.856067 29
0 0.235938 0.462037 0.00416667 0.00740741 0.850275 15
0 0.218229 0.464815 0.00416667 0.00740741 0.841231 14
0 0.45026 0.456019 0.0046875 0.00833333 0.806046 28
0 0.253125 0.460648 0.00416667 0.00833333 0.84662 16
0 0.270573 0.459259 0.0046875 0.00925926 0.856191 17
0 0.20026 0.46713 0.0046875 0.00833333 0.837931 13
0 0.182552 0.469444 0.0046875 0.00740741 0.849813 12
0 0.6 0.471296 0.00416667 0.00740741 0.824122 38
0 0.614583 0.474074 0.00416667 0.00740741 0.794019 39
0 0.164844 0.472222 0.0046875 0.00740741 0.844371 11
0 0.124479 0.491667 0.00416667 0.00740741 0.644068 2
0 0.128125 0.489815 0.00416667 0.00740741 0.768225 3
0 0.75651 0.509722 0.0046875 0.00833333 0.841653 49
0 0.660677 0.441204 0.0046875 0.00833333 0.281646 116
0 0.119792 0.494907 0.00416667 0.00833333 0.700477 1
0 0.742708 0.505556 0.00416667 0.00740741 0.856468 48
0 0.660677 0.441667 0.0046875 0.00925926 0.332817 113
0 0.128646 0.495833 0.00520833 0.00833333 0.702298 6
0 0.864844 0.550926 0.0046875 0.00925926 0.67742 57
0 0.672396 0.486111 0.00416667 0.00740741 0.84007 43
0 0.657812 0.483333 0.00416667 0.00740741 0.84936 42
0 0.851302 0.544907 0.0046875 0.00833333 0.84003 56
0 0.629167 0.476852 0.00416667 0.00740741 0.823835 40
0 0.82474 0.534259 0.0046875 0.00925926 0.849963 54
0 0.151823 0.532407 0.0046875 0.00740741 0.337792 9
0 0.838281 0.540278 0.0046875 0.00833333 0.632735 55
0 0.643229 0.47963 0.00416667 0.00740741 0.81867 41
0 0.700521 0.493519 0.00416667 0.00740741 0.840184 45
0 0.783854 0.519444 0.00416667 0.00740741 0.840392 51
0 0.770312 0.514352 0.00416667 0.00833333 0.8462 50
0 0.686458 0.489815 0.00416667 0.00740741 0.844669 44
0 0.797917 0.524074 0.00416667 0.00740741 0.853848 52
0 0.714844 0.497685 0.0046875 0.00833333 0.85075 46
0 0.728646 0.501389 0.00416667 0.00833333 0.845357 47
0 0.811198 0.529167 0.0046875 0.00833333 0.85707 53
0 0.541406 0.4625 0.0046875 0.00833333 0.723197 34
0 0.321615 0.456019 0.0046875 0.00833333 0.845529 20
0 0.338281 0.455093 0.0046875 0.00833333 0.781711 21
0 0.585417 0.468981 0.00416667 0.00833333 0.79103 37
0 0.41901 0.454167 0.0046875 0.00833333 0.824087 26
0 0.511719 0.459722 0.0046875 0.00833333 0.853801 32
0 0.526302 0.461574 0.0046875 0.00833333 0.851964 33
0 0.434896 0.45463 0.00416667 0.00740741 0.838035 27
0 0.496354 0.458333 0.00416667 0.00740741 0.839384 31
0 0.403385 0.454167 0.0046875 0.00833333 0.847383 25
0 0.304948 0.456481 0.0046875 0.00740741 0.827497 19
0 0.28776 0.45787 0.0046875 0.00833333 0.831831 18
0 0.38724 0.454167 0.0046875 0.00833333 0.802814 24
0 0.48099 0.456944 0.0046875 0.00833333 0.853826 30
