0 0.510677 0.455093 0.0046875 0.00833333 0.840957 59
0 0.621354 0.462037 0.00416667 0.00740741 0.373943 65
0 0.728646 0.475463 0.00416667 0.00833333 0.841889 71
0 0.710938 0.472685 0.00416667 0.00833333 0.850232 70
0 0.491406 0.454167 0.0046875 0.00833333 0.836448 58
0 0.746094 0.478241 0.0046875 0.00833333 0.842275 72
0 0.639323 0.464352 0.0046875 0.00833333 0.819816 66
0 0.657552 0.466204 0.0046875 0.00833333 0.845403 67
0 0.763281 0.481481 0.0046875 0.00740741 0.851143 73
0 0.584896 0.458796 0.00416667 0.00833333 0.789654 63
0 0.566406 0.457407 0.0046875 0.00740741 0.275563 62
0 0.814844 0.490741 0.0046875 0.00740741 0.845491 76
0 0.529427 0.456019 0.0046875 0.00833333 0.835333 60
0 0.780469 0.484259 0.0046875 0.00740741 0.842014 74
0 0.289062 0.456944 0.00520833 0.00833333 0.833376 48
0 0.310417 0.456019 0.00520833 0.00833333 0.805614 49
0 0.797656 0.4875 0.0046875 0.00833333 0.849321 75
0 0.547917 0.456944 0.00416667 0.00833333 0.833664 61
0 0.12474 0.474537 0.0046875 0.00833333 0.520892 33
0 0.122917 0.47963 0.00520833 0.00925926 0.813193 32
0 0.117448 0.489352 0.00572917 0.0101852 0.756022 30
0 0.119792 0.485185 0.00520833 0.00925926 0.731004 31
0 0.127865 0.46713 0.0046875 0.00833333 0.725783 35
0 0.127865 0.467593 0.0046875 0.00740741 0.371823 36
0 0.848177 0.497685 0.0046875 0.00833333 0.836796 78
0 0.200521 0.463426 0.00416667 0.00833333 0.846019 44
0 0.331771 0.45463 0.00520833 0.00925926 0.792325 50
0 0.223177 0.461574 0.0046875 0.00833333 0.854579 45
0 0.864844 0.501852 0.0046875 0.00740741 0.838076 79
0 0.39349 0.453704 0.0046875 0.00740741 0.697021 53
0 0.267448 0.45787 0.0046875 0.00833333 0.854997 47
0 0.245312 0.459259 0.00416667 0.00740741 0.826824 46
0 0.452865 0.453241 0.0046875 0.00833333 0.839433 56
0 0.177865 0.465278 0.0046875 0.00833333 0.850313 43
0 0.472656 0.454167 0.0046875 0.00833333 0.848547 57
0 0.433594 0.453241 0.0046875 0.00833333 0.846283 55
0 0.693229 0.47037 0.00416667 0.00740741 0.841887 69
0 0.675521 0.468056 0.00416667 0.00833333 0.83293 68
0 0.413542 0.453241 0.00416667 0.00833333 0.835865 54
0 0.130208 0.478241 0.00520833 0.00833333 0.557736 40
