0 0.227344 0.453241 0.0046875 0.00833333 0.854931 6
0 0.248177 0.452315 0.0046875 0.00833333 0.848824 7
0 0.205469 0.454167 0.0046875 0.00833333 0.857995 5
0 0.184115 0.456019 0.0046875 0.00833333 0.853045 4
0 0.1625 0.45787 0.00520833 0.00833333 0.763193 3
0 0.732292 0.484722 0.00416667 0.00833333 0.873546 33
0 0.628125 0.467593 0.00416667 0.00740741 0.804262 27
0 0.610677 0.464815 0.0046875 0.00740741 0.822405 26
0 0.715104 0.481481 0.00416667 0.00740741 0.843735 32
0 0.57526 0.461574 0.0046875 0.00833333 0.784073 24
0 0.680469 0.475463 0.0046875 0.00833333 0.841288 30
0 0.466146 0.452778 0.00416667 0.00740741 0.842956 18
0 0.484896 0.453704 0.00416667 0.00740741 0.836575 19
0 0.697917 0.478241 0.00416667 0.00833333 0.840039 31
0 0.592969 0.462963 0.0046875 0.00740741 0.776836 25
0 0.521094 0.456019 0.0046875 0.00833333 0.840452 21
0 0.766146 0.491667 0.00416667 0.00740741 0.849408 35
0 0.749219 0.488426 0.0046875 0.00833333 0.84253 34
0 0.502865 0.45463 0.0046875 0.00740741 0.834288 20
0 0.782812 0.495833 0.00416667 0.00833333 0.854081 36
0 0.539323 0.45787 0.0046875 0.00833333 0.824979 22
0 0.799479 0.499537 0.00416667 0.00833333 0.833727 37
0 0.816146 0.503241 0.00416667 0.00833333 0.847801 38
0 0.310417 0.45 0.00520833 0.00925926 0.836592 10
0 0.645833 0.469907 0.00416667 0.00833333 0.837709 28
0 0.409635 0.450463 0.0046875 0.00833333 0.80051 15
0 0.663281 0.472685 0.0046875 0.00833333 0.835488 29
0 0.447656 0.451852 0.0046875 0.00740741 0.833634 17
0 0.428385 0.450926 0.0046875 0.00740741 0.828359 16
0 0.289844 0.450463 0.0046875 0.00833333 0.824112 9
0 0.269271 0.450926 0.00520833 0.00925926 0.834958 8
