0 0.352083 0.49537 0.00416667 0.00740741 0.816457 28
0 0.395052 0.493981 0.0046875 0.00833333 0.846106 29
0 0.776042 0.516667 0.00416667 0.00740741 0.335309 39
0 0.741146 0.511574 0.00416667 0.00833333 0.845677 38
0 0.845312 0.52963 0.00416667 0.00740741 0.860936 41
0 0.810938 0.523148 0.00416667 0.00740741 0.850741 40
0 0.879427 0.5375 0.0046875 0.00833333 0.850346 42
0 0.91224 0.54537 0.0046875 0.00740741 0.847163 43
0 0.997396 0.566667 0.00416667 0.00740741 0.495649 46
0 0.945052 0.553704 0.0046875 0.00740741 0.852201 44
0 0.977604 0.5625 0.00416667 0.00833333 0.834143 45
0 0.119792 0.525926 0.00416667 0.00740741 0.576204 22
0 0.667969 0.502315 0.00364583 0.00833333 0.819089 36
0 0.704687 0.506944 0.00416667 0.00833333 0.846784 37
0 0.130469 0.522222 0.0046875 0.00740741 0.767389 23
0 0.630729 0.499537 0.00416667 0.00833333 0.850644 35
0 0.120052 0.519444 0.0046875 0.00740741 0.836458 21
0 0.121354 0.517593 0.00416667 0.00740741 0.803994 20
0 0.593229 0.496296 0.00416667 0.00740741 0.807605 34
0 0.436458 0.493056 0.00416667 0.00833333 0.862778 30
0 0.16901 0.511574 0.0046875 0.00833333 0.840462 24
0 0.217187 0.506019 0.00416667 0.00833333 0.846402 25
0 0.477083 0.493056 0.00416667 0.00833333 0.856318 31
0 0.308594 0.498611 0.0046875 0.00833333 0.853831 27
0 0.554688 0.494444 0.00416667 0.00740741 0.845352 33
0 0.516406 0.493056 0.0046875 0.00833333 0.843841 32
0 0.263542 0.501389 0.00416667 0.00833333 0.844683 26
