0 0.630208 0.578704 0.003125 0.00555556 0.659256 3
0 0.630729 0.578241 0.003125 0.00648148 0.254346 2
0 0.877604 0.561111 0.00416667 0.00740741 0.848856 49
0 0.846354 0.552778 0.00416667 0.00740741 0.84893 48
0 0.630208 0.578704 0.003125 0.00555556 0.348804 4
0 0.501562 0.500463 0.00416667 0.00833333 0.856511 38
0 0.538542 0.502778 0.00416667 0.00740741 0.860061 39
0 0.134115 0.519444 0.0046875 0.00740741 0.791502 29
0 0.211719 0.504167 0.0046875 0.00833333 0.848967 31
0 0.165625 0.507407 0.00416667 0.00740741 0.844054 30
0 0.256771 0.501389 0.00416667 0.00833333 0.842309 32
0 0.122917 0.518981 0.00416667 0.00833333 0.837969 26
0 0.123698 0.518981 0.0046875 0.00833333 0.835852 27
0 0.300521 0.499537 0.00416667 0.00833333 0.847484 33
0 0.463542 0.498611 0.00416667 0.00833333 0.841819 37
0 0.103646 0.551852 0.00625 0.0111111 0.805175 23
0 0.0971354 0.560185 0.00572917 0.0111111 0.420692 22
0 0.42474 0.498148 0.0046875 0.00740741 0.854747 36
0 0.34349 0.497685 0.0046875 0.00833333 0.851291 34
0 0.384635 0.497685 0.0046875 0.00833333 0.85089 35
0 0.782031 0.537963 0.00364583 0.00740741 0.84016 46
0 0.970312 0.591667 0.00416667 0.00740741 0.781478 52
0 0.972135 0.593056 0.0046875 0.00833333 0.787468 53
0 0.814323 0.54537 0.0046875 0.00740741 0.851596 47
0 0.938542 0.57963 0.00416667 0.00740741 0.846461 51
0 0.748958 0.531018 0.00416667 0.00833333 0.856602 45
0 0.715104 0.524537 0.00416667 0.00833333 0.851149 44
0 0.908333 0.570833 0.00416667 0.00833333 0.851015 50
0 0.575 0.506019 0.00416667 0.00833333 0.85975 40
0 0.610417 0.509722 0.00416667 0.00833333 0.84926 41
0 0.680729 0.518981 0.00416667 0.00833333 0.832644 43
0 0.645833 0.513889 0.00416667 0.00740741 0.849635 42
