0 0.660937 0.439352 0.00416667 0.00833333 0.492473 5
0 0.660677 0.439352 0.0046875 0.00833333 0.567189 153
0 0.660677 0.439352 0.0046875 0.00833333 0.701374 25
0 0.660677 0.439352 0.0046875 0.00833333 0.737117 31
0 0.660677 0.439352 0.0046875 0.00833333 0.588465 147
0 0.660677 0.439352 0.0046875 0.00833333 0.620621 19
0 0.660677 0.439352 0.0046875 0.00833333 0.634279 18
0 0.660677 0.439352 0.0046875 0.00833333 0.712531 30
0 0.660677 0.439352 0.0046875 0.00833333 0.555076 146
0 0.660677 0.439352 0.0046875 0.00833333 0.593797 152
0 0.660677 0.439352 0.0046875 0.00833333 0.685607 24
0 0.660937 0.439352 0.00416667 0.00833333 0.441354 4
0 0.660937 0.439352 0.00416667 0.00833333 0.413291 6
0 0.660677 0.439352 0.0046875 0.00833333 0.505918 144
0 0.660677 0.439352 0.0046875 0.00833333 0.74782 32
0 0.660677 0.439352 0.0046875 0.00833333 0.666614 26
0 0.660677 0.439352 0.0046875 0.00833333 0.584636 150
0 0.283594 0.45 0.0046875 0.00740741 0.724596 178
0 0.283594 0.45 0.0046875 0.00740741 0.729576 179
0 0.660677 0.439352 0.0046875 0.00833333 0.644042 27
0 0.660677 0.439352 0.0046875 0.00833333 0.581211 151
0 0.660677 0.439352 0.0046875 0.00833333 0.597715 145
0 0.660677 0.439352 0.0046875 0.00833333 0.714596 33
0 0.660937 0.439352 0.00416667 0.00833333 0.4305 7
0 0.660937 0.439352 0.00416667 0.00833333 0.499972 3
0 0.283594 0.45 0.0046875 0.00740741 0.654466 182
0 0.283333 0.45 0.00416667 0.00740741 0.59065 169
0 0.660156 0.438889 0.0046875 0.00925926 0.800546 37
0 0.660677 0.439352 0.0046875 0.00833333 0.38868 141
0 0.660677 0.439352 0.0046875 0.00833333 0.534096 155
0 0.660677 0.439352 0.0046875 0.00833333 0.669064 23
0 0.660677 0.439352 0.0046875 0.00833333 0.536377 154
0 0.660677 0.439352 0.0046875 0.00833333 0.680256 22
0 0.660417 0.438889 0.00520833 0.00925926 0.779707 36
0 0.660677 0.439352 0.0046875 0.00833333 0.392973 140
0 0.283333 0.45 0.00416667 0.00740741 0.569934 168
0 0.660937 0.439352 0.00416667 0.00833333 0.493717 2
0 0.283594 0.45 0.0046875 0.00740741 0.744222 181
0 0.660677 0.439352 0.0046875 0.00833333 0.588106 20
0 0.660677 0.439352 0.0046875 0.00833333 0.528597 156
0 0.660677 0.439352 0.0046875 0.00833333 0.520534 142
0 0.660677 0.439352 0.0046875 0.00833333 0.763759 34
0 0.660677 0.439352 0.0046875 0.00833333 0.525647 143
0 0.660417 0.438889 0.00520833 0.00925926 0.780233 35
0 0.660677 0.439352 0.0046875 0.00833333 0.617507 21
0 0.660677 0.439352 0.0046875 0.00833333 0.555664 157
0 0.283594 0.45 0.0046875 0.00740741 0.744528 180
0 0.660937 0.439352 0.00416667 0.00833333 0.447854 1
0 0.40651 0.433796 0.0046875 0.00833333 0.807298 85
0 0.494531 0.434259 0.0046875 0.00740741 0.840319 91
0 0.355469 0.473611 0.0046875 0.00833333 0.478092 46
0 0.660677 0.439352 0.0046875 0.00833333 0.263131 130
0 0.355469 0.473611 0.0046875 0.00833333 0.631266 52
0 0.660417 0.439352 0.00416667 0.00833333 0.318642 118
0 0.660417 0.439352 0.00416667 0.00833333 0.328407 119
0 0.355469 0.473611 0.0046875 0.00833333 0.62067 53
0 0.355469 0.473611 0.0046875 0.00833333 0.59272 47
0 0.660677 0.439352 0.0046875 0.00833333 0.288472 131
0 0.479948 0.433796 0.0046875 0.00833333 0.845165 90
0 0.355469 0.473611 0.0046875 0.00833333 0.600094 84
0 0.508854 0.435185 0.00416667 0.00740741 0.838606 92
0 0.421354 0.43287 0.00416667 0.00833333 0.829905 86
0 0.355469 0.473611 0.0046875 0.00833333 0.605355 51
0 0.660677 0.439352 0.0046875 0.00833333 0.282515 127
0 0.660677 0.439352 0.0046875 0.00833333 0.304033 133
0 0.355469 0.473611 0.0046875 0.00833333 0.463629 45
0 0.355208 0.473148 0.00416667 0.00740741 0.491089 79
0 0.297917 0.440741 0.00416667 0.00740741 0.802484 78
0 0.660677 0.439352 0.0046875 0.00833333 0.324248 132
0 0.355469 0.473611 0.0046875 0.00833333 0.422644 44
0 0.355469 0.473611 0.0046875 0.00833333 0.606356 50
0 0.660677 0.439352 0.0046875 0.00833333 0.272459 126
0 0.436198 0.43287 0.0046875 0.00833333 0.831401 87
0 0.523177 0.436111 0.0046875 0.00740741 0.847401 93
0 0.660156 0.439352 0.0046875 0.00833333 0.437276 97
0 0.355469 0.473611 0.0046875 0.00833333 0.617853 83
0 0.355469 0.473611 0.0046875 0.00833333 0.509497 68
0 0.355469 0.473611 0.0046875 0.00833333 0.652319 54
0 0.660677 0.439352 0.0046875 0.00833333 0.553591 40
0 0.660677 0.439352 0.0046875 0.00833333 0.383561 136
0 0.660677 0.439352 0.0046875 0.00833333 0.406303 137
0 0.355469 0.473611 0.0046875 0.00833333 0.652428 55
0 0.355469 0.473611 0.0046875 0.00833333 0.495988 69
0 0.355469 0.473611 0.0046875 0.00833333 0.666454 82
0 0.660417 0.439815 0.00416667 0.00925926 0.327362 96
0 0.355469 0.473611 0.0046875 0.00833333 0.650049 80
0 0.53724 0.436574 0.0046875 0.00833333 0.410036 94
0 0.74401 0.475463 0.0046875 0.00833333 0.843933 109
0 0.660677 0.439352 0.0046875 0.00833333 0.307921 135
0 0.355469 0.473611 0.0046875 0.00833333 0.644526 57
0 0.355469 0.473611 0.0046875 0.00833333 0.645113 56
0 0.660417 0.439352 0.00416667 0.00833333 0.332946 120
0 0.660677 0.439352 0.0046875 0.00833333 0.524251 134
0 0.660677 0.439352 0.0046875 0.00833333 0.253452 42
0 0.730729 0.471759 0.00416667 0.00833333 0.840752 108
0 0.660417 0.439815 0.00416667 0.00925926 0.31923 95
0 0.355469 0.473611 0.0046875 0.00833333 0.605844 81
0 0.660677 0.439352 0.0046875 0.00833333 0.440111 98
0 0.355469 0.473611 0.0046875 0.00833333 0.550836 67
0 0.770833 0.483796 0.00416667 0.00833333 0.84884 111
0 0.660677 0.439352 0.0046875 0.00833333 0.272868 105
0 0.215885 0.453704 0.0046875 0.00740741 0.851693 73
0 0.660677 0.439352 0.0046875 0.00833333 0.378326 139
0 0.660677 0.439352 0.0046875 0.00833333 0.37346 138
0 0.199219 0.456481 0.0046875 0.00740741 0.838503 72
0 0.355469 0.473611 0.0046875 0.00833333 0.642097 66
0 0.757552 0.47963 0.0046875 0.00740741 0.854901 110
0 0.660417 0.439352 0.00416667 0.00833333 0.277673 99
0 0.166146 0.462963 0.00416667 0.00740741 0.805973 70
0 0.703646 0.464352 0.00416667 0.00833333 0.83472 106
0 0.784115 0.487963 0.0046875 0.00740741 0.849463 112
0 0.355469 0.473611 0.0046875 0.00833333 0.683614 64
0 0.107552 0.491204 0.0046875 0.00833333 0.709404 58
0 0.355469 0.473611 0.0046875 0.00833333 0.706395 59
0 0.797135 0.492593 0.0046875 0.00740741 0.8514 113
0 0.355469 0.473611 0.0046875 0.00833333 0.6907 65
0 0.182552 0.460185 0.0046875 0.00740741 0.849868 71
0 0.717448 0.468056 0.0046875 0.00833333 0.849728 107
0 0.355469 0.473611 0.0046875 0.00833333 0.610486 49
0 0.6625 0.455093 0.00416667 0.00833333 0.586024 103
0 0.248698 0.448148 0.0046875 0.00740741 0.865852 75
0 0.121094 0.487963 0.0046875 0.00740741 0.792689 61
0 0.849219 0.5125 0.0046875 0.00833333 0.625164 117
0 0.117188 0.488889 0.00416667 0.00740741 0.761648 60
0 0.660677 0.439352 0.0046875 0.00833333 0.381017 116
0 0.648698 0.452778 0.0046875 0.00925926 0.606421 102
0 0.232552 0.450926 0.0046875 0.00740741 0.857565 74
0 0.355469 0.473611 0.0046875 0.00833333 0.614105 48
0 0.465625 0.433333 0.00416667 0.00740741 0.849421 89
0 0.660677 0.439352 0.0046875 0.00833333 0.325759 128
0 0.810156 0.497685 0.0046875 0.00833333 0.865087 114
0 0.12474 0.486574 0.0046875 0.00833333 0.838506 62
0 0.265365 0.44537 0.0046875 0.00740741 0.848375 76
0 0.660417 0.439352 0.00416667 0.00833333 0.39596 100
0 0.281771 0.443519 0.00416667 0.00740741 0.787932 77
0 0.634896 0.45 0.00416667 0.00740741 0.755597 101
0 0.823438 0.502315 0.00416667 0.00833333 0.627977 115
0 0.126823 0.486111 0.0046875 0.00740741 0.792274 63
0 0.660677 0.439352 0.0046875 0.00833333 0.293961 129
0 0.450781 0.433333 0.0046875 0.00740741 0.833199 88
0 0.283333 0.45 0.00416667 0.00740741 0.647449 172
0 0.660677 0.439352 0.0046875 0.00833333 0.560945 10
0 0.283333 0.45 0.00416667 0.00740741 0.562947 166
0 0.660417 0.438889 0.00520833 0.00925926 0.719646 38
0 0.660417 0.438889 0.00520833 0.00925926 0.717243 39
0 0.660677 0.439352 0.0046875 0.00833333 0.557838 11
0 0.283333 0.45 0.00416667 0.00740741 0.562353 167
0 0.283333 0.45 0.00416667 0.00740741 0.644293 173
0 0.283333 0.45 0.00416667 0.00740741 0.486765 165
0 0.660677 0.439352 0.0046875 0.00833333 0.628452 13
0 0.283333 0.45 0.00416667 0.00740741 0.582049 171
0 0.660417 0.439352 0.00416667 0.00833333 0.473995 159
0 0.660677 0.439352 0.0046875 0.00833333 0.458061 158
0 0.283333 0.45 0.00416667 0.00740741 0.502866 170
0 0.283594 0.449537 0.0046875 0.00833333 0.312394 164
0 0.660677 0.439352 0.0046875 0.00833333 0.729057 12
0 0.660677 0.439352 0.0046875 0.00833333 0.592727 148
0 0.660677 0.439352 0.0046875 0.00833333 0.645087 16
0 0.660417 0.439352 0.00416667 0.00833333 0.469725 160
0 0.283333 0.45 0.00416667 0.00740741 0.690113 174
0 0.283333 0.45 0.00416667 0.00740741 0.672444 175
0 0.660677 0.439352 0.0046875 0.00833333 0.679547 17
0 0.660677 0.439352 0.0046875 0.00833333 0.538193 149
0 0.660937 0.439352 0.00416667 0.00833333 0.377504 9
0 0.660677 0.439352 0.0046875 0.00833333 0.706806 29
0 0.283594 0.45 0.0046875 0.00740741 0.708414 177
0 0.660677 0.439352 0.0046875 0.00833333 0.657687 15
0 0.660677 0.439352 0.0046875 0.00833333 0.659599 14
0 0.283594 0.45 0.0046875 0.00740741 0.71389 176
0 0.660677 0.439352 0.0046875 0.00833333 0.701421 28
0 0.660937 0.439352 0.00416667 0.00833333 0.315408 8
