0 0.61901 0.488889 0.00364583 0.00740741 0.298403 122
0 0.619271 0.488889 0.00416667 0.00740741 0.314586 123
0 0.619271 0.488889 0.00416667 0.00740741 0.333351 121
0 0.758073 0.460185 0.0046875 0.00925926 0.799248 109
0 0.619271 0.488889 0.00416667 0.00740741 0.493337 108
0 0.619271 0.488889 0.00416667 0.00740741 0.390651 120
0 0.879427 0.498148 0.0046875 0.00740741 0.7307 118
0 0.619271 0.488889 0.00416667 0.00740741 0.355398 124
0 0.619271 0.488889 0.00416667 0.00740741 0.281335 130
0 0.619271 0.488889 0.00416667 0.00740741 0.36878 125
0 0.619271 0.488889 0.00416667 0.00740741 0.385832 119
0 0.619271 0.488889 0.00416667 0.00740741 0.333345 127
0 0.619271 0.488889 0.00416667 0.00740741 0.326053 126
0 0.619271 0.488889 0.00416667 0.00740741 0.294789 132
0 0.660156 0.439352 0.0046875 0.00833333 0.550997 169
0 0.660417 0.439352 0.00416667 0.00833333 0.338568 182
0 0.660156 0.438889 0.0046875 0.00925926 0.563293 168
0 0.101302 0.49213 0.0046875 0.00833333 0.663418 56
0 0.149479 0.586574 0.00416667 0.00833333 0.391857 54
0 0.660156 0.439352 0.0046875 0.00833333 0.285979 180
0 0.660156 0.439352 0.0046875 0.00833333 0.471528 157
0 0.0979167 0.493981 0.00416667 0.00833333 0.674843 55
0 0.427604 0.431481 0.00416667 0.00740741 0.816541 86
0 0.301042 0.443981 0.00416667 0.00833333 0.798837 78
0 0.41224 0.432407 0.0046875 0.00740741 0.792156 85
0 0.502344 0.429167 0.0046875 0.00833333 0.675972 91
0 0.619271 0.488889 0.00416667 0.00740741 0.263829 52
0 0.660156 0.439352 0.0046875 0.00833333 0.469557 178
0 0.660156 0.439352 0.0046875 0.00833333 0.392688 179
0 0.48776 0.429167 0.0046875 0.00833333 0.780682 90
0 0.472656 0.429167 0.0046875 0.00833333 0.848903 89
0 0.12526 0.489352 0.0046875 0.00833333 0.808257 62
0 0.267969 0.449537 0.0046875 0.00833333 0.851501 76
0 0.660156 0.439352 0.0046875 0.00833333 0.511476 174
0 0.660156 0.438889 0.0046875 0.00925926 0.627618 160
0 0.660156 0.438889 0.0046875 0.00925926 0.61106 161
0 0.660156 0.439352 0.0046875 0.00833333 0.470483 175
0 0.284635 0.446759 0.0046875 0.00833333 0.843492 77
0 0.251302 0.452315 0.0046875 0.00833333 0.850622 75
0 0.122396 0.489352 0.00416667 0.00833333 0.712339 61
0 0.660156 0.438889 0.0046875 0.00925926 0.613648 163
0 0.660156 0.439352 0.0046875 0.00833333 0.493855 177
0 0.660156 0.439352 0.0046875 0.00833333 0.566765 176
0 0.660156 0.438889 0.0046875 0.00925926 0.610577 162
0 0.117969 0.490278 0.0046875 0.00833333 0.78567 60
0 0.234115 0.456019 0.0046875 0.00833333 0.850068 74
0 0.109115 0.49213 0.0046875 0.00833333 0.504087 58
0 0.166146 0.47037 0.00416667 0.00740741 0.808383 70
0 0.660156 0.438889 0.0046875 0.00925926 0.562106 166
0 0.660156 0.439352 0.0046875 0.00833333 0.488647 172
0 0.660156 0.439352 0.0046875 0.00833333 0.514116 173
0 0.660156 0.438889 0.0046875 0.00925926 0.572864 167
0 0.126042 0.496296 0.00520833 0.00925926 0.494015 65
0 0.183073 0.466204 0.0046875 0.00833333 0.833184 71
0 0.113281 0.491204 0.0046875 0.00833333 0.722102 59
0 0.603906 0.434259 0.0046875 0.00740741 0.730759 98
0 0.217448 0.458796 0.0046875 0.00833333 0.849809 73
0 0.660156 0.439352 0.0046875 0.00833333 0.540376 159
0 0.660156 0.439352 0.0046875 0.00833333 0.538028 171
0 0.660156 0.438889 0.0046875 0.00925926 0.618669 165
0 0.660156 0.439352 0.0046875 0.00833333 0.553532 164
0 0.660156 0.439352 0.0046875 0.00833333 0.482684 170
0 0.660156 0.439352 0.0046875 0.00833333 0.542981 158
0 0.20026 0.4625 0.0046875 0.00833333 0.843399 72
0 0.865885 0.493056 0.0046875 0.00833333 0.833022 117
0 0.675 0.443056 0.00416667 0.00833333 0.385064 103
0 0.852865 0.488426 0.0046875 0.00833333 0.85705 116
0 0.619271 0.488889 0.00416667 0.00740741 0.257975 100
0 0.826302 0.47963 0.0046875 0.00740741 0.836636 114
0 0.619271 0.488889 0.00416667 0.00740741 0.2841 128
0 0.619271 0.488889 0.00416667 0.00740741 0.297125 129
0 0.839323 0.483796 0.0046875 0.00833333 0.849626 115
0 0.619271 0.488889 0.00416667 0.00740741 0.261042 101
0 0.619271 0.488889 0.00416667 0.00740741 0.413419 105
0 0.785677 0.46713 0.0046875 0.00833333 0.84401 111
0 0.772135 0.463889 0.0046875 0.00740741 0.842052 110
0 0.689323 0.445833 0.0046875 0.00833333 0.792411 104
0 0.799219 0.471296 0.0046875 0.00740741 0.853718 112
0 0.716927 0.451389 0.0046875 0.00833333 0.62458 106
0 0.619271 0.488889 0.00416667 0.00740741 0.470033 107
0 0.81276 0.475463 0.0046875 0.00833333 0.852714 113
