0 0.646875 0.485648 0.00416667 0.00833333 0.848373 20
0 0.677865 0.489815 0.00364583 0.00740741 0.843453 21
0 0.739583 0.500926 0.00416667 0.00740741 0.849316 23
0 0.709115 0.49537 0.0046875 0.00740741 0.841892 22
0 0.828385 0.523148 0.0046875 0.00740741 0.855338 26
0 0.856771 0.531482 0.00416667 0.00740741 0.852709 27
0 0.614844 0.481944 0.0046875 0.00833333 0.845803 19
0 0.799479 0.515278 0.00416667 0.00833333 0.857471 25
0 0.940365 0.560185 0.00364583 0.00740741 0.847822 30
0 0.769792 0.507407 0.00416667 0.00740741 0.859471 24
0 0.582812 0.478704 0.00416667 0.00740741 0.843882 18
0 0.11875 0.514352 0.00416667 0.00833333 0.721724 3
0 0.119271 0.513889 0.00416667 0.00740741 0.807687 2
0 0.124219 0.516204 0.0046875 0.00833333 0.392021 5
0 0.119531 0.51713 0.0046875 0.00833333 0.404405 4
0 0.145052 0.504167 0.0046875 0.00833333 0.830168 6
0 0.185156 0.495833 0.0046875 0.00833333 0.862251 7
0 0.265625 0.485648 0.00416667 0.00833333 0.844317 9
0 0.225781 0.490741 0.0046875 0.00740741 0.851138 8
0 0.483854 0.474074 0.00416667 0.00740741 0.844126 15
0 0.91276 0.550463 0.0046875 0.00833333 0.857459 29
0 0.885156 0.540741 0.0046875 0.00740741 0.856841 28
0 0.45 0.474074 0.00416667 0.00740741 0.8408 14
0 0.517187 0.475 0.00416667 0.00740741 0.854107 16
0 0.550521 0.476852 0.00416667 0.00740741 0.840749 17
0 0.414844 0.474074 0.00364583 0.00740741 0.826814 13
0 0.378906 0.476389 0.00364583 0.00648148 0.805124 12
0 0.304427 0.481019 0.0046875 0.00833333 0.855054 10
0 0.341927 0.477778 0.0046875 0.00740741 0.836192 11
