0 0.129948 0.519907 0.0046875 0.00833333 0.258802 50
0 0.128385 0.544444 0.00364583 0.00740741 0.543774 53
0 0.129167 0.537037 0.00416667 0.00740741 0.565694 52
0 0.493229 0.465741 0.00416667 0.00740741 0.835179 21
0 0.523958 0.47037 0.00416667 0.00740741 0.843233 20
0 0.463021 0.462037 0.00416667 0.00740741 0.797736 22
0 0.433333 0.458796 0.00416667 0.00648148 0.83232 23
0 0.31901 0.45463 0.00364583 0.00740741 0.834854 27
0 0.346875 0.45463 0.00416667 0.00740741 0.737031 26
0 0.185417 0.466667 0.00416667 0.00740741 0.785259 32
0 0.404167 0.456944 0.00416667 0.00648148 0.837139 24
0 0.2375 0.459259 0.00416667 0.00740741 0.835378 30
0 0.58776 0.482407 0.00364583 0.00740741 0.794399 18
0 0.555729 0.475926 0.00416667 0.00740741 0.825521 19
0 0.211458 0.462963 0.00416667 0.00740741 0.834639 31
0 0.375521 0.455093 0.00416667 0.00648148 0.819789 25
0 0.291667 0.455556 0.00416667 0.00740741 0.84498 28
0 0.726562 0.518519 0.00416667 0.00740741 0.861008 14
0 0.690365 0.507407 0.00364583 0.00740741 0.833816 15
0 0.264062 0.457407 0.00416667 0.00740741 0.829962 29
0 0.621094 0.489815 0.00364583 0.00740741 0.82594 17
0 0.801562 0.543519 0.00416667 0.00740741 0.699832 12
0 0.763542 0.52963 0.00416667 0.00740741 0.849396 13
0 0.840625 0.557407 0.00416667 0.00740741 0.850327 11
0 0.9375 0.575463 0.00416667 0.00833333 0.374345 1
0 0.934115 0.569444 0.0046875 0.00740741 0.610459 2
0 0.928646 0.565741 0.00416667 0.00740741 0.819887 3
0 0.899479 0.563426 0.00416667 0.00833333 0.752499 7
0 0.921875 0.563889 0.00416667 0.00740741 0.840218 4
0 0.914062 0.562963 0.00416667 0.00740741 0.819829 5
