0 0.302604 0.493981 0.00416667 0.00833333 0.859273 7
0 0.973958 0.57963 0.00416667 0.00740741 0.828344 27
0 0.955208 0.569907 0.00416667 0.00833333 0.865931 26
0 0.259635 0.496759 0.0046875 0.00833333 0.84662 6
0 0.171094 0.505556 0.0046875 0.00740741 0.84601 4
0 0.623698 0.587037 0.00260417 0.00555556 0.668312 30
0 0.896354 0.551389 0.00416667 0.00833333 0.835299 24
0 0.707812 0.509722 0.00416667 0.00833333 0.847512 18
0 0.740625 0.514815 0.00416667 0.00740741 0.845621 19
0 0.926042 0.560648 0.00416667 0.00833333 0.86356 25
0 0.216146 0.500463 0.00416667 0.00833333 0.832926 5
0 0.120833 0.517593 0.00416667 0.00740741 0.625397 1
0 0.804688 0.527778 0.00416667 0.00740741 0.852237 21
0 0.772917 0.521296 0.00416667 0.00740741 0.692737 20
0 0.122917 0.521759 0.00520833 0.00833333 0.807822 2
0 0.835938 0.535185 0.00416667 0.00740741 0.860103 22
0 0.866146 0.543519 0.00416667 0.00740741 0.841851 23
0 0.134115 0.516204 0.0046875 0.00833333 0.777542 3
0 0.498437 0.490278 0.00416667 0.00833333 0.849285 12
0 0.534896 0.491667 0.00416667 0.00740741 0.841823 13
0 0.461458 0.489352 0.00416667 0.00833333 0.840219 11
0 0.423438 0.488889 0.00416667 0.00740741 0.845897 10
0 0.344271 0.490741 0.00416667 0.00740741 0.839938 8
0 0.623958 0.587037 0.003125 0.00555556 0.480775 28
0 0.570312 0.494444 0.00416667 0.00740741 0.847922 14
0 0.605469 0.497222 0.00364583 0.00740741 0.848936 15
0 0.623958 0.587037 0.003125 0.00555556 0.643762 29
0 0.384375 0.489815 0.00416667 0.00740741 0.839047 9
0 0.673958 0.50463 0.00416667 0.00740741 0.850323 17
0 0.640104 0.500463 0.00416667 0.00833333 0.84388 16
