0 0.238021 0.494907 0.00416667 0.00833333 0.8494 8
0 0.75625 0.501852 0.00416667 0.00740741 0.854354 22
0 0.788802 0.50787 0.00364583 0.00648148 0.825146 23
0 0.28099 0.489352 0.0046875 0.00833333 0.839376 9
0 0.723437 0.496759 0.00416667 0.00833333 0.854804 21
0 0.690104 0.49213 0.00416667 0.00833333 0.838606 20
0 0.820573 0.514815 0.0046875 0.00740741 0.849132 24
0 0.977604 0.556481 0.00416667 0.00740741 0.820214 30
0 0.621615 0.484259 0.0046875 0.00740741 0.841863 18
0 0.65625 0.488426 0.00416667 0.00833333 0.851258 19
0 0.992188 0.555093 0.00416667 0.00833333 0.846729 31
0 0.851823 0.522222 0.0046875 0.00740741 0.85743 25
0 0.91276 0.539352 0.0046875 0.00833333 0.858005 27
0 0.882292 0.530556 0.00416667 0.00740741 0.851189 26
0 0.669531 0.575463 0.00364583 0.00648148 0.670142 32
0 0.586719 0.482407 0.0046875 0.00740741 0.856549 17
0 0.551562 0.480093 0.00416667 0.00833333 0.85639 16
0 0.117708 0.513889 0.00416667 0.00740741 0.619755 2
0 0.942708 0.549074 0.00416667 0.00740741 0.865198 28
0 0.478646 0.478704 0.00416667 0.00740741 0.846527 14
0 0.515625 0.478704 0.00416667 0.00740741 0.844229 15
0 0.970573 0.557407 0.0046875 0.00740741 0.599537 29
0 0.117188 0.514815 0.00416667 0.00740741 0.761549 3
0 0.194271 0.500463 0.00520833 0.00833333 0.847591 7
0 0.363542 0.482407 0.00416667 0.00740741 0.842615 11
0 0.322656 0.485185 0.0046875 0.00740741 0.864273 10
0 0.117708 0.519907 0.00416667 0.00833333 0.82581 4
0 0.403125 0.480556 0.00416667 0.00740741 0.840982 12
0 0.441406 0.479167 0.0046875 0.00833333 0.83895 13
0 0.123698 0.518981 0.0046875 0.00833333 0.81576 5
