0 0.18125 0.506944 0.00416667 0.00833333 0.85017 28
0 0.227083 0.503241 0.00416667 0.00833333 0.856548 29
0 0.947396 0.594907 0.00416667 0.00648148 0.312439 15
0 0.619531 0.500463 0.0046875 0.00833333 0.849537 39
0 0.584375 0.497685 0.00416667 0.00833333 0.847903 38
0 0.909375 0.556019 0.00416667 0.00833333 0.84684 48
0 0.938802 0.565278 0.0046875 0.00833333 0.849672 49
0 0.688281 0.508796 0.0046875 0.00833333 0.855396 41
0 0.654167 0.504167 0.00416667 0.00833333 0.848905 40
0 0.722135 0.514352 0.0046875 0.00833333 0.843231 42
0 0.754687 0.519444 0.00416667 0.00740741 0.845173 43
0 0.879687 0.547685 0.00416667 0.00833333 0.858183 47
0 0.849479 0.539815 0.00416667 0.00740741 0.850124 46
0 0.786979 0.525926 0.00416667 0.00740741 0.836615 44
0 0.81875 0.532407 0.00416667 0.00740741 0.842208 45
0 0.511979 0.493519 0.00416667 0.00740741 0.839582 36
0 0.548437 0.49537 0.00416667 0.00740741 0.853674 37
0 0.47474 0.493056 0.0046875 0.00833333 0.836936 35
0 0.436979 0.49213 0.00416667 0.00833333 0.859165 34
0 0.122135 0.517593 0.0046875 0.00740741 0.829292 24
0 0.271615 0.499074 0.0046875 0.00740741 0.841882 30
0 0.314844 0.495833 0.0046875 0.00833333 0.861614 31
0 0.122135 0.522222 0.0046875 0.00740741 0.366111 25
0 0.397396 0.493056 0.00416667 0.00833333 0.847898 33
0 0.139583 0.516667 0.00520833 0.00925926 0.773991 27
0 0.123177 0.525463 0.0046875 0.00833333 0.406103 26
0 0.35625 0.493519 0.00416667 0.00740741 0.8283 32
