0 0.752865 0.510185 0.0046875 0.00740741 0.848867 59
0 0.660417 0.439352 0.00520833 0.00833333 0.81784 71
0 0.83125 0.540278 0.00416667 0.00833333 0.846833 65
0 0.81849 0.534722 0.0046875 0.00833333 0.855814 64
0 0.660156 0.439352 0.0046875 0.00833333 0.814551 70
0 0.739583 0.506019 0.00416667 0.00833333 0.848316 58
0 0.660677 0.439352 0.0046875 0.00833333 0.814972 99
0 0.660156 0.439352 0.0046875 0.00833333 0.808932 66
0 0.660417 0.439352 0.00520833 0.00833333 0.817375 72
0 0.660677 0.439352 0.0046875 0.00833333 0.812224 73
0 0.660156 0.439352 0.0046875 0.00833333 0.806675 67
0 0.660677 0.439352 0.0046875 0.00833333 0.814241 98
0 0.660677 0.439815 0.0046875 0.00925926 0.790034 88
0 0.805208 0.529167 0.00416667 0.00833333 0.849192 63
0 0.660677 0.439352 0.0046875 0.00833333 0.803063 77
0 0.660677 0.439352 0.0046875 0.00833333 0.806826 76
0 0.792448 0.524537 0.0046875 0.00833333 0.847752 62
0 0.660677 0.439815 0.0046875 0.00925926 0.790384 89
0 0.660677 0.439815 0.0046875 0.00925926 0.807695 74
0 0.766146 0.514815 0.00416667 0.00740741 0.846786 60
0 0.602865 0.471296 0.0046875 0.00740741 0.78897 48
0 0.660156 0.439352 0.0046875 0.00833333 0.65641 49
0 0.779167 0.519907 0.00416667 0.00833333 0.862115 61
0 0.660677 0.439352 0.0046875 0.00833333 0.814214 75
0 0.660677 0.439352 0.0046875 0.00833333 0.768738 6
0 0.660156 0.439352 0.0046875 0.00833333 0.77395 12
0 0.660677 0.439352 0.0046875 0.00833333 0.82648 121
0 0.660417 0.439352 0.00520833 0.00833333 0.818641 109
0 0.660417 0.439352 0.00520833 0.00833333 0.820681 108
0 0.660677 0.439352 0.0046875 0.00833333 0.825024 120
0 0.660156 0.439352 0.0046875 0.00833333 0.748835 13
0 0.107552 0.494444 0.0046875 0.00925926 0.789966 7
0 0.660677 0.439352 0.0046875 0.00833333 0.765726 5
0 0.475 0.456481 0.00416667 0.00740741 0.829379 39
0 0.660156 0.439352 0.0046875 0.00833333 0.768427 11
0 0.660417 0.439352 0.00520833 0.00833333 0.823857 122
0 0.122135 0.49213 0.0046875 0.00833333 0.786517 10
0 0.460156 0.456019 0.0046875 0.00833333 0.83676 38
0 0.660677 0.439352 0.0046875 0.00833333 0.76325 4
0 0.660156 0.439352 0.0046875 0.00833333 0.751149 14
0 0.30625 0.457407 0.00416667 0.00740741 0.839169 28
0 0.322656 0.456481 0.0046875 0.00740741 0.78539 29
0 0.660156 0.439352 0.0046875 0.00833333 0.746018 15
0 0.660417 0.439352 0.00520833 0.00833333 0.813016 1
0 0.660417 0.439352 0.00520833 0.00833333 0.7972 3
0 0.660156 0.439352 0.0046875 0.00833333 0.760078 17
0 0.660677 0.439352 0.0046875 0.00833333 0.824854 118
0 0.660677 0.439352 0.0046875 0.00833333 0.824443 119
0 0.660677 0.439352 0.0046875 0.00833333 0.738738 16
0 0.660417 0.439352 0.00520833 0.00833333 0.79889 2
0 0.385156 0.454167 0.0046875 0.00833333 0.815799 33
0 0.660417 0.439352 0.00520833 0.00833333 0.785475 27
0 0.660677 0.439352 0.0046875 0.00833333 0.823798 100
0 0.660417 0.439352 0.00520833 0.00833333 0.820737 114
0 0.660417 0.439352 0.00520833 0.00833333 0.820904 115
0 0.660677 0.439352 0.0046875 0.00833333 0.820696 101
0 0.273698 0.460648 0.0046875 0.00833333 0.852342 26
0 0.660417 0.439352 0.00520833 0.00833333 0.793131 32
0 0.660156 0.439352 0.0046875 0.00833333 0.76156 18
0 0.240625 0.463889 0.00416667 0.00740741 0.838355 24
0 0.660417 0.439352 0.00520833 0.00833333 0.794769 30
0 0.660677 0.439352 0.0046875 0.00833333 0.824973 117
0 0.660677 0.439352 0.0046875 0.00833333 0.821907 103
0 0.660677 0.439352 0.0046875 0.00833333 0.821012 102
0 0.660417 0.439352 0.00520833 0.00833333 0.825336 116
0 0.660417 0.439352 0.00520833 0.00833333 0.793243 31
0 0.257031 0.461574 0.0046875 0.00833333 0.824024 25
0 0.660417 0.439815 0.00416667 0.00925926 0.701889 19
0 0.116927 0.492593 0.0046875 0.00740741 0.794865 9
0 0.189844 0.470833 0.0046875 0.00833333 0.84222 21
0 0.415885 0.45463 0.0046875 0.00740741 0.832628 35
0 0.660156 0.439352 0.0046875 0.00833333 0.817984 112
0 0.660156 0.439352 0.0046875 0.00833333 0.822332 106
0 0.660417 0.439352 0.00520833 0.00833333 0.822426 107
0 0.660417 0.439352 0.00520833 0.00833333 0.82013 113
0 0.40026 0.454167 0.0046875 0.00833333 0.84061 34
0 0.172917 0.473148 0.00416667 0.00740741 0.852805 20
0 0.660677 0.439352 0.0046875 0.00833333 0.77851 8
0 0.430729 0.455093 0.00416667 0.00833333 0.842686 36
0 0.207031 0.468056 0.0046875 0.00833333 0.839588 22
0 0.660156 0.439352 0.0046875 0.00833333 0.815441 105
0 0.660417 0.439352 0.00520833 0.00833333 0.819089 111
0 0.660417 0.439352 0.00520833 0.00833333 0.81981 110
0 0.660677 0.439352 0.0046875 0.00833333 0.806469 104
0 0.223958 0.465741 0.00416667 0.00740741 0.837981 23
0 0.445573 0.455093 0.0046875 0.00833333 0.82492 37
0 0.660677 0.439352 0.0046875 0.00833333 0.797276 93
0 0.660677 0.439352 0.0046875 0.00833333 0.800889 87
0 0.660677 0.439352 0.0046875 0.00833333 0.805855 78
0 0.630729 0.477315 0.00416667 0.00833333 0.804694 50
0 0.660156 0.439352 0.0046875 0.00833333 0.813194 44
0 0.660156 0.439352 0.0046875 0.00833333 0.816087 45
0 0.660156 0.442593 0.0046875 0.00925926 0.826673 51
0 0.660677 0.439352 0.0046875 0.00833333 0.805514 79
0 0.660677 0.439815 0.0046875 0.00925926 0.800098 86
0 0.660677 0.439352 0.0046875 0.00833333 0.797696 92
0 0.660677 0.439352 0.0046875 0.00833333 0.805429 84
0 0.660677 0.439352 0.0046875 0.00833333 0.796149 90
0 0.660156 0.439352 0.0046875 0.00833333 0.805629 47
0 0.671875 0.486574 0.00416667 0.00833333 0.845384 53
0 0.658073 0.483333 0.0046875 0.00740741 0.845099 52
0 0.660156 0.439352 0.0046875 0.00833333 0.81487 46
0 0.660677 0.439352 0.0046875 0.00833333 0.795338 91
0 0.660677 0.439815 0.0046875 0.00925926 0.800251 85
0 0.660677 0.439815 0.0046875 0.00925926 0.805111 81
0 0.660677 0.439352 0.0046875 0.00833333 0.804688 95
0 0.51849 0.460185 0.0046875 0.00925926 0.845662 42
0 0.7125 0.497685 0.00416667 0.00833333 0.847563 56
0 0.726042 0.501852 0.00416667 0.00740741 0.852736 57
0 0.660417 0.439352 0.00520833 0.00833333 0.813589 43
0 0.660677 0.439352 0.0046875 0.00833333 0.797062 94
0 0.660677 0.439815 0.0046875 0.00925926 0.798123 80
0 0.660677 0.439352 0.0046875 0.00833333 0.801773 96
0 0.660677 0.439352 0.0046875 0.00833333 0.807647 82
0 0.698958 0.493519 0.00416667 0.00740741 0.858548 55
0 0.503906 0.458796 0.0046875 0.00833333 0.852588 41
0 0.660156 0.439352 0.0046875 0.00833333 0.813924 69
0 0.660156 0.439352 0.0046875 0.00833333 0.811662 68
0 0.490104 0.458333 0.00520833 0.00925926 0.856459 40
0 0.685417 0.490278 0.00416667 0.00833333 0.849613 54
0 0.660677 0.439352 0.0046875 0.00833333 0.80554 83
0 0.660677 0.439352 0.0046875 0.00833333 0.811293 97
