0 0.832552 0.530093 0.0046875 0.00833333 0.809534 109
0 0.816406 0.525463 0.0046875 0.00833333 0.832737 108
0 0.522396 0.468981 0.00416667 0.00833333 0.845199 91
0 0.409635 0.459722 0.0046875 0.00833333 0.840587 85
0 0.389844 0.459722 0.0046875 0.00833333 0.820614 84
0 0.503906 0.467593 0.0046875 0.00925926 0.843033 90
0 0.428906 0.461574 0.0046875 0.00833333 0.847538 86
0 0.540365 0.471759 0.0046875 0.00833333 0.808363 92
0 0.288281 0.457407 0.0046875 0.00925926 0.849183 79
0 0.266927 0.456944 0.0046875 0.00833333 0.849911 78
0 0.558594 0.473611 0.0046875 0.00833333 0.825685 93
0 0.447917 0.4625 0.00520833 0.00833333 0.848497 87
0 0.629687 0.484259 0.00416667 0.00740741 0.675522 97
0 0.611979 0.481481 0.00416667 0.00740741 0.806892 96
0 0.576302 0.475926 0.0046875 0.00740741 0.80969 94
0 0.308854 0.456944 0.00520833 0.00833333 0.832657 80
0 0.329427 0.457407 0.0046875 0.00925926 0.800494 81
0 0.594271 0.478704 0.00416667 0.00740741 0.770164 95
0 0.646875 0.487037 0.00416667 0.00740741 0.814251 98
0 0.157813 0.460648 0.00520833 0.00833333 0.804899 73
0 0.664583 0.489815 0.00416667 0.00740741 0.850425 99
0 0.122917 0.468981 0.00520833 0.00833333 0.412658 64
0 0.129948 0.472685 0.0046875 0.00833333 0.812704 71
0 0.115885 0.484259 0.00572917 0.00925926 0.809158 61
0 0.201823 0.458796 0.0046875 0.00833333 0.862887 75
0 0.179948 0.459259 0.0046875 0.00740741 0.86045 74
0 0.113802 0.488426 0.00572917 0.0101852 0.846417 60
0 0.485677 0.465741 0.0046875 0.00740741 0.828598 89
0 0.223698 0.45787 0.0046875 0.00833333 0.849321 76
0 0.121094 0.473611 0.0046875 0.00833333 0.297199 63
0 0.245573 0.457407 0.0046875 0.00925926 0.848622 77
0 0.466927 0.464352 0.0046875 0.00833333 0.846202 88
0 0.864583 0.540278 0.00520833 0.00833333 0.76927 111
0 0.766927 0.5125 0.0046875 0.00833333 0.84696 105
0 0.75 0.508333 0.00416667 0.00740741 0.83815 104
0 0.848698 0.534722 0.0046875 0.00833333 0.768795 110
0 0.783333 0.516667 0.00416667 0.00740741 0.837972 106
0 0.79974 0.520833 0.0046875 0.00833333 0.828386 107
0 0.733333 0.504167 0.00416667 0.00833333 0.840323 103
0 0.716146 0.500463 0.00416667 0.00833333 0.845578 102
0 0.681771 0.493519 0.00416667 0.00740741 0.840584 100
0 0.698958 0.496759 0.00416667 0.00833333 0.856605 101
