0 0.11276 0.523611 0.0046875 0.00833333 0.803593 6
0 0.11276 0.523611 0.0046875 0.00833333 0.807917 16
0 0.11276 0.523611 0.0046875 0.00833333 0.805153 17
0 0.11276 0.523611 0.0046875 0.00833333 0.803715 7
0 0.11276 0.523611 0.0046875 0.00833333 0.800911 5
0 0.11276 0.523611 0.0046875 0.00833333 0.807252 15
0 0.327865 0.480556 0.00364583 0.00740741 0.823891 29
0 0.11276 0.523611 0.0046875 0.00833333 0.790188 28
0 0.11276 0.523611 0.0046875 0.00833333 0.802485 14
0 0.11276 0.523611 0.0046875 0.00833333 0.794749 4
0 0.24375 0.452315 0.00520833 0.00833333 0.845453 38
0 0.781771 0.461111 0.00520833 0.00925926 0.848806 10
0 0.761458 0.457407 0.00520833 0.00925926 0.810938 11
0 0.225521 0.45463 0.00520833 0.00925926 0.852544 39
0 0.877865 0.474537 0.00677083 0.012037 0.835745 1
0 0.11276 0.523611 0.0046875 0.00833333 0.798488 3
0 0.11276 0.523611 0.0046875 0.00833333 0.801419 13
0 0.11276 0.523611 0.0046875 0.00833333 0.807074 12
0 0.877604 0.475926 0.00729167 0.0111111 0.811225 2
0 0.0502604 0.487037 0.00572917 0.00925926 0.846417 49
0 0.0677083 0.483333 0.00520833 0.00925926 0.850552 48
0 0.11276 0.523611 0.0046875 0.00833333 0.814101 60
0 0.11276 0.523611 0.0046875 0.00833333 0.806541 58
0 0.11276 0.523611 0.0046875 0.00833333 0.806344 59
0 0.11276 0.523611 0.0046875 0.00833333 0.782243 54
0 0.207552 0.456944 0.0046875 0.00833333 0.859105 40
0 0.189844 0.459259 0.0046875 0.00925926 0.861146 41
0 0.11276 0.523611 0.0046875 0.00833333 0.781875 55
0 0.11276 0.523611 0.0046875 0.00833333 0.811828 43
0 0.11276 0.523611 0.0046875 0.00833333 0.809617 57
0 0.11276 0.523611 0.0046875 0.00833333 0.805825 56
0 0.172135 0.4625 0.0046875 0.00833333 0.856086 42
0 0.101823 0.475926 0.0046875 0.00925926 0.834764 46
0 0.11276 0.523611 0.0046875 0.00833333 0.782928 52
0 0.11276 0.523611 0.0046875 0.00833333 0.785747 53
0 0.0846354 0.480093 0.00572917 0.0101852 0.747767 47
0 0.11276 0.523611 0.0046875 0.00833333 0.803636 51
0 0.119271 0.472222 0.00520833 0.00925926 0.839264 45
0 0.136458 0.469444 0.00520833 0.00925926 0.81539 44
0 0.0330729 0.491667 0.00572917 0.00925926 0.667375 50
0 0.261979 0.450463 0.00520833 0.00833333 0.851946 37
0 0.11276 0.523611 0.0046875 0.00833333 0.805478 23
0 0.11276 0.523611 0.0046875 0.00833333 0.804215 22
0 0.280469 0.448611 0.0046875 0.00833333 0.844913 36
0 0.11276 0.523611 0.0046875 0.00833333 0.807528 20
0 0.11276 0.523611 0.0046875 0.00833333 0.800717 34
0 0.298698 0.446759 0.0046875 0.00833333 0.858668 35
0 0.11276 0.523611 0.0046875 0.00833333 0.803831 21
0 0.802865 0.463426 0.0046875 0.00833333 0.85286 9
0 0.11276 0.523611 0.0046875 0.00833333 0.810377 19
0 0.11276 0.523611 0.0046875 0.00833333 0.805751 25
0 0.11276 0.523611 0.0046875 0.00833333 0.790352 31
0 0.11276 0.523611 0.0046875 0.00833333 0.7803 30
0 0.11276 0.523611 0.0046875 0.00833333 0.807824 24
0 0.11276 0.523611 0.0046875 0.00833333 0.806887 18
0 0.823438 0.466667 0.00520833 0.00925926 0.857068 8
0 0.11276 0.523611 0.0046875 0.00833333 0.79709 32
0 0.11276 0.523611 0.0046875 0.00833333 0.803256 26
0 0.11276 0.523611 0.0046875 0.00833333 0.800474 27
0 0.11276 0.523611 0.0046875 0.00833333 0.777512 33
