0 0.563802 0.509722 0.0046875 0.00833333 0.857702 12
0 0.601042 0.513426 0.00416667 0.00833333 0.859274 13
0 0.526042 0.506944 0.00416667 0.00833333 0.858586 11
0 0.4875 0.50463 0.00416667 0.00740741 0.850408 10
0 0.6375 0.518056 0.00416667 0.00833333 0.84982 14
0 0.673437 0.522685 0.00416667 0.00833333 0.849815 15
0 0.74375 0.534259 0.00416667 0.00740741 0.847687 17
0 0.708854 0.528241 0.00416667 0.00833333 0.849401 16
0 0.447917 0.503241 0.00416667 0.00833333 0.861961 9
0 0.407031 0.501852 0.0046875 0.00740741 0.852724 8
0 0.126563 0.525463 0.00520833 0.00833333 0.279064 1
0 0.183333 0.50787 0.00416667 0.00833333 0.83878 3
0 0.140885 0.516204 0.0046875 0.00833333 0.819072 2
0 0.321615 0.502315 0.0046875 0.00833333 0.86713 6
0 0.365104 0.501852 0.00416667 0.00740741 0.849626 7
0 0.276823 0.503241 0.0046875 0.00833333 0.853135 5
0 0.230729 0.505556 0.00416667 0.00740741 0.851634 4
0 0.777604 0.540741 0.00416667 0.00740741 0.836258 18
0 0.810938 0.548148 0.00416667 0.00740741 0.855847 19
0 0.972396 0.589815 0.00416667 0.00740741 0.826481 25
0 0.875781 0.564352 0.0046875 0.00833333 0.858422 21
0 0.84375 0.556019 0.00416667 0.00833333 0.849976 20
0 0.907292 0.572685 0.00416667 0.00833333 0.842279 22
0 0.938021 0.582407 0.00416667 0.00740741 0.834671 23
