0 0.406771 0.473148 0.00416667 0.00740741 0.828501 15
0 0.894271 0.5 0.00416667 0.00740741 0.825917 29
0 0.8625 0.493519 0.00416667 0.00740741 0.838721 28
0 0.367708 0.476852 0.00416667 0.00740741 0.809537 14
0 0.445833 0.47037 0.00416667 0.00740741 0.851435 16
0 0.125781 0.521296 0.0046875 0.00740741 0.777884 8
0 0.153385 0.50787 0.0046875 0.00833333 0.82755 9
0 0.483594 0.468056 0.0046875 0.00833333 0.841872 17
0 0.326823 0.481019 0.0046875 0.00833333 0.854882 13
0 0.284635 0.486574 0.0046875 0.00833333 0.846896 12
0 0.197917 0.500463 0.00416667 0.00833333 0.848501 10
0 0.241667 0.492593 0.00416667 0.00740741 0.840046 11
0 0.592708 0.466667 0.00416667 0.00740741 0.859322 20
0 0.627865 0.466667 0.00364583 0.00740741 0.838536 21
0 0.697396 0.471296 0.00416667 0.00740741 0.84661 23
0 0.663021 0.469444 0.00416667 0.00740741 0.832451 22
0 0.986198 0.523148 0.0046875 0.00740741 0.841608 32
0 0.798177 0.481481 0.00364583 0.00740741 0.824402 26
0 0.119792 0.516667 0.00416667 0.00740741 0.761481 5
0 0.830729 0.487037 0.00416667 0.00740741 0.842217 27
0 0.556771 0.466204 0.00416667 0.00833333 0.840675 19
0 0.765104 0.477778 0.00416667 0.00740741 0.840684 25
0 0.95599 0.514352 0.0046875 0.00833333 0.852534 31
0 0.11901 0.521759 0.0046875 0.00833333 0.743391 7
0 0.119531 0.516204 0.0046875 0.00833333 0.806588 6
0 0.925 0.506481 0.00416667 0.00740741 0.853178 30
0 0.73125 0.474074 0.00416667 0.00740741 0.842333 24
0 0.520312 0.466667 0.00416667 0.00740741 0.828944 18
