0 0.711979 0.522685 0.00416667 0.00833333 0.834264 38
0 0.744271 0.528704 0.00416667 0.00740741 0.849659 39
0 0.389583 0.495833 0.00416667 0.00833333 0.848678 29
0 0.349479 0.496296 0.00416667 0.00740741 0.5324 28
0 0.10599 0.545833 0.00572917 0.0101852 0.296505 17
0 0.926562 0.577778 0.00416667 0.00740741 0.855078 45
0 0.897917 0.568519 0.00416667 0.00740741 0.852616 44
0 0.955729 0.587963 0.00416667 0.00740741 0.838483 46
0 0.868229 0.559259 0.00416667 0.00740741 0.852412 43
0 0.838021 0.550926 0.00416667 0.00740741 0.858863 42
0 0.776823 0.535185 0.0046875 0.00740741 0.837431 40
0 0.807813 0.542593 0.00416667 0.00740741 0.854754 41
0 0.504167 0.499074 0.00416667 0.00740741 0.843578 32
0 0.264323 0.5 0.0046875 0.00740741 0.846212 26
0 0.307552 0.497685 0.0046875 0.00833333 0.863192 27
0 0.540365 0.501389 0.0046875 0.00833333 0.846554 33
0 0.118229 0.52037 0.00416667 0.00740741 0.473058 19
0 0.220052 0.502778 0.0046875 0.00740741 0.85106 25
0 0.467187 0.497222 0.00416667 0.00740741 0.846246 31
0 0.429167 0.496296 0.00416667 0.00740741 0.866848 30
0 0.174219 0.506019 0.0046875 0.00833333 0.851049 24
0 0.119531 0.516204 0.0046875 0.00833333 0.827063 20
0 0.575781 0.504167 0.00364583 0.00833333 0.862234 34
0 0.610677 0.507407 0.0046875 0.00740741 0.858939 35
0 0.119531 0.520833 0.0046875 0.00833333 0.8174 21
0 0.678906 0.516667 0.0046875 0.00740741 0.852904 37
0 0.134635 0.515278 0.0046875 0.00833333 0.79096 23
0 0.644792 0.512037 0.00416667 0.00740741 0.842084 36
