0 0.961979 0.590278 0.00416667 0.00833333 0.790984 39
0 0.930469 0.623148 0.00364583 0.00740741 0.85167 38
0 0.119792 0.519444 0.00416667 0.00740741 0.720366 12
0 0.139844 0.539352 0.0046875 0.00833333 0.698646 5
0 0.121094 0.516204 0.0046875 0.00833333 0.838175 13
0 0.192969 0.50787 0.0046875 0.00833333 0.860532 17
0 0.148177 0.511574 0.0046875 0.00833333 0.28589 16
0 0.122135 0.521759 0.0046875 0.00833333 0.76357 14
0 0.621354 0.535185 0.00416667 0.00740741 0.848368 28
0 0.655208 0.541667 0.00416667 0.00740741 0.85852 29
0 0.126302 0.522222 0.0046875 0.00740741 0.654916 15
0 0.238021 0.507407 0.00416667 0.00925926 0.851417 18
0 0.688281 0.548148 0.00364583 0.00740741 0.854073 30
0 0.480729 0.516204 0.00416667 0.00833333 0.844749 24
0 0.517187 0.519907 0.00416667 0.00833333 0.853063 25
0 0.720833 0.556481 0.00416667 0.00740741 0.837341 31
0 0.28151 0.506944 0.0046875 0.00833333 0.853051 19
0 0.5875 0.529167 0.00416667 0.00833333 0.851095 27
0 0.783854 0.573148 0.00416667 0.00740741 0.831089 33
0 0.752604 0.564815 0.00416667 0.00740741 0.852631 32
0 0.552604 0.524537 0.00416667 0.00833333 0.85386 26
0 0.404948 0.510648 0.0046875 0.00833333 0.860916 22
0 0.873698 0.601852 0.00364583 0.00740741 0.856036 36
0 0.902344 0.612037 0.0046875 0.00740741 0.847404 37
0 0.44349 0.5125 0.0046875 0.00833333 0.859807 23
0 0.844271 0.591667 0.00416667 0.00740741 0.860363 35
0 0.365104 0.508333 0.00416667 0.00740741 0.840567 21
0 0.324219 0.506944 0.0046875 0.00833333 0.858992 20
0 0.814583 0.581944 0.00416667 0.00833333 0.856582 34
0 0.961198 0.594907 0.00364583 0.00648148 0.704751 41
0 0.961458 0.592593 0.00416667 0.00740741 0.779671 40
