0 0.636198 0.575463 0.00364583 0.00648148 0.648987 5
0 0.733854 0.520833 0.00416667 0.00833333 0.848551 31
0 0.523958 0.497685 0.00416667 0.00833333 0.849817 25
0 0.286458 0.501389 0.00416667 0.00833333 0.831126 19
0 0.243229 0.505093 0.00416667 0.00833333 0.857084 18
0 0.486979 0.496296 0.00416667 0.00740741 0.840084 24
0 0.636458 0.575463 0.003125 0.00648148 0.713016 6
0 0.560156 0.499537 0.0046875 0.00833333 0.842415 26
0 0.766667 0.526389 0.00416667 0.00648148 0.746476 32
0 0.799479 0.534259 0.00416667 0.00740741 0.849535 33
0 0.595833 0.502315 0.00416667 0.00833333 0.85319 27
0 0.636458 0.575463 0.003125 0.00648148 0.721679 7
0 0.448958 0.495833 0.00416667 0.00833333 0.856239 23
0 0.923177 0.568056 0.0046875 0.00833333 0.851754 37
0 0.892708 0.558333 0.00416667 0.00740741 0.863403 36
0 0.410417 0.495833 0.00416667 0.00833333 0.861975 22
0 0.830729 0.541667 0.00416667 0.00740741 0.862143 34
0 0.329167 0.498611 0.00416667 0.00833333 0.834923 20
0 0.370313 0.497222 0.00416667 0.00740741 0.847483 21
0 0.861979 0.549537 0.00416667 0.00833333 0.84567 35
0 0.636458 0.575 0.003125 0.00740741 0.490471 10
0 0.953125 0.577778 0.00416667 0.00740741 0.816454 38
0 0.956771 0.583796 0.00416667 0.00833333 0.848024 39
0 0.636458 0.575 0.003125 0.00740741 0.338072 11
0 0.123698 0.520833 0.0046875 0.00833333 0.829804 13
0 0.122917 0.522222 0.00416667 0.00740741 0.755813 12
0 0.198437 0.509259 0.00416667 0.00740741 0.840249 17
0 0.636458 0.575 0.003125 0.00740741 0.568487 9
0 0.666146 0.509722 0.00416667 0.00833333 0.8029 29
0 0.128906 0.527315 0.0046875 0.00833333 0.739314 15
0 0.122656 0.525926 0.0046875 0.00740741 0.801474 14
0 0.63099 0.506019 0.0046875 0.00833333 0.859877 28
0 0.636458 0.575463 0.003125 0.00648148 0.704305 8
