0 0.222396 0.49213 0.00416667 0.00833333 0.841013 3
0 0.177344 0.496759 0.0046875 0.00833333 0.862451 2
0 0.138542 0.50787 0.00520833 0.00833333 0.814287 1
0 0.308854 0.484722 0.00416667 0.00833333 0.853923 5
0 0.266146 0.487963 0.00416667 0.00740741 0.832129 4
0 0.35026 0.48287 0.0046875 0.00833333 0.833647 6
0 0.390625 0.481481 0.00416667 0.00740741 0.834594 7
0 0.782552 0.509722 0.00364583 0.00648148 0.830855 18
0 0.815104 0.515741 0.00416667 0.00740741 0.858826 19
0 0.908333 0.538889 0.00416667 0.00740741 0.842915 22
0 0.938542 0.547685 0.00416667 0.00833333 0.85529 23
0 0.877604 0.530556 0.00416667 0.00740741 0.852411 21
0 0.846615 0.523148 0.0046875 0.00740741 0.850736 20
0 0.541667 0.482407 0.00416667 0.00740741 0.84541 11
0 0.505208 0.481019 0.00416667 0.00833333 0.860942 10
0 0.577604 0.484259 0.00416667 0.00740741 0.847329 12
0 0.613021 0.487037 0.00416667 0.00740741 0.846111 13
0 0.749479 0.503704 0.00416667 0.00740741 0.849172 17
0 0.716406 0.498611 0.0046875 0.00833333 0.849817 16
0 0.647917 0.490278 0.00416667 0.00833333 0.8448 14
0 0.682292 0.494444 0.00416667 0.00740741 0.842365 15
0 0.468229 0.480093 0.00416667 0.00833333 0.858052 9
0 0.429948 0.480556 0.0046875 0.00740741 0.85161 8
