0 0.904948 0.55787 0.0046875 0.00833333 0.384202 9
0 0.913281 0.556944 0.0046875 0.00833333 0.835211 8
0 0.803125 0.536111 0.00416667 0.00740741 0.397682 41
0 0.803125 0.536111 0.00416667 0.00740741 0.419664 40
0 0.803125 0.536111 0.00416667 0.00740741 0.278115 42
0 0.690104 0.510185 0.00416667 0.00740741 0.826292 18
0 0.492188 0.474074 0.00416667 0.00740741 0.487551 24
0 0.315365 0.469444 0.00364583 0.00740741 0.845692 30
0 0.28724 0.470833 0.00364583 0.00648148 0.826449 31
0 0.461719 0.471296 0.00364583 0.00740741 0.850831 25
0 0.232292 0.476852 0.00416667 0.00740741 0.629215 33
0 0.402083 0.468056 0.00416667 0.00648148 0.837706 27
0 0.431771 0.469444 0.00416667 0.00740741 0.838701 26
0 0.259635 0.473611 0.00364583 0.00648148 0.839918 32
0 0.152604 0.491204 0.00416667 0.00648148 0.839859 36
0 0.555208 0.482407 0.00416667 0.00740741 0.822632 22
0 0.523438 0.477778 0.00416667 0.00740741 0.812511 23
0 0.5875 0.487963 0.00416667 0.00740741 0.549702 21
0 0.205208 0.481481 0.00416667 0.00740741 0.545285 34
0 0.620833 0.493981 0.00416667 0.00648148 0.831917 20
0 0.802865 0.536111 0.0046875 0.00740741 0.379067 39
0 0.898177 0.558796 0.0046875 0.00833333 0.797038 10
0 0.802604 0.536111 0.00416667 0.00740741 0.31544 12
0 0.726042 0.519444 0.00416667 0.00740741 0.846835 17
0 0.763021 0.52963 0.00416667 0.00740741 0.843847 16
0 0.839063 0.553704 0.00416667 0.00740741 0.837849 14
0 0.373177 0.467593 0.00364583 0.00740741 0.826542 28
0 0.34375 0.468519 0.00416667 0.00740741 0.764303 29
0 0.800521 0.540741 0.00416667 0.00740741 0.805259 15
0 0.930729 0.561574 0.00416667 0.00833333 0.752372 5
0 0.933854 0.568519 0.00416667 0.00740741 0.324042 4
0 0.926562 0.557407 0.00416667 0.00740741 0.833015 6
0 0.920573 0.556481 0.0046875 0.00740741 0.837583 7
