0 0.8125 0.493519 0.00416667 0.00740741 0.840823 48
0 0.838542 0.500926 0.00416667 0.00740741 0.844759 49
0 0.552604 0.455093 0.00416667 0.00648148 0.840033 39
0 0.521615 0.454167 0.00364583 0.00648148 0.832782 38
0 0.173177 0.493056 0.0046875 0.00833333 0.859306 28
0 0.211719 0.485185 0.0046875 0.00740741 0.856243 29
0 0.357812 0.4625 0.00416667 0.00648148 0.829838 33
0 0.138802 0.50463 0.0046875 0.00740741 0.833226 27
0 0.322396 0.466667 0.00416667 0.00740741 0.840721 32
0 0.0929687 0.560185 0.00572917 0.00925926 0.312363 18
0 0.119531 0.512963 0.0046875 0.00740741 0.488793 24
0 0.249479 0.478241 0.00416667 0.00833333 0.840759 30
0 0.286458 0.472222 0.00416667 0.00740741 0.855047 31
0 0.0971354 0.553241 0.00572917 0.0101852 0.719018 19
0 0.425521 0.457407 0.00416667 0.00740741 0.837928 35
0 0.392188 0.459259 0.00416667 0.00740741 0.826287 34
0 0.102344 0.544907 0.00572917 0.0101852 0.711051 20
0 0.458333 0.455556 0.00416667 0.00740741 0.835147 36
0 0.115104 0.521296 0.00416667 0.00740741 0.354246 22
0 0.119271 0.512963 0.00416667 0.00740741 0.826728 23
0 0.490365 0.45463 0.00364583 0.00740741 0.83688 37
0 0.865104 0.509259 0.00416667 0.00740741 0.855184 50
0 0.701042 0.469444 0.00416667 0.00740741 0.854499 44
0 0.729688 0.474074 0.00416667 0.00740741 0.847552 45
0 0.890885 0.518519 0.0046875 0.00740741 0.854764 51
0 0.785417 0.487037 0.00416667 0.00740741 0.768132 47
0 0.941406 0.538426 0.0046875 0.00833333 0.853981 53
0 0.916406 0.528241 0.0046875 0.00833333 0.862067 52
0 0.757552 0.480093 0.00364583 0.00648148 0.854043 46
0 0.642708 0.461111 0.00416667 0.00740741 0.841062 42
0 0.965365 0.556481 0.00364583 0.00740741 0.265525 57
0 0.671875 0.464815 0.00416667 0.00740741 0.842767 43
0 0.613021 0.458796 0.00416667 0.00648148 0.851662 41
0 0.582812 0.456481 0.00416667 0.00740741 0.835863 40
0 0.965885 0.555556 0.00364583 0.00740741 0.336056 54
