0 0.424219 0.42037 0.0046875 0.00740741 0.840446 87
0 0.508594 0.415278 0.0046875 0.00833333 0.823702 93
0 0.289844 0.44213 0.0046875 0.00833333 0.848354 78
0 0.629427 0.418981 0.0046875 0.00833333 0.484106 102
0 0.808594 0.45463 0.0046875 0.00740741 0.829871 116
0 0.305469 0.438889 0.0046875 0.00740741 0.83403 79
0 0.494792 0.415278 0.00416667 0.00833333 0.841216 92
0 0.409635 0.421759 0.0046875 0.00833333 0.840608 86
0 0.796094 0.451389 0.0046875 0.00833333 0.84196 115
0 0.540365 0.498611 0.0046875 0.00833333 0.343096 101
0 0.602865 0.41713 0.0046875 0.00833333 0.427953 100
0 0.783594 0.447685 0.0046875 0.00833333 0.829795 114
0 0.395312 0.424074 0.00416667 0.00740741 0.425951 85
0 0.480729 0.416204 0.00416667 0.00833333 0.841812 91
0 0.535937 0.414815 0.00416667 0.00740741 0.761148 95
0 0.746094 0.438426 0.0046875 0.00833333 0.834714 111
0 0.220573 0.541204 0.0046875 0.00833333 0.283719 57
0 0.522135 0.414352 0.0046875 0.00833333 0.675458 94
0 0.220573 0.541204 0.0046875 0.00833333 0.259219 55
0 0.771094 0.443981 0.0046875 0.00833333 0.836846 113
0 0.758594 0.441204 0.0046875 0.00833333 0.839427 112
0 0.682031 0.425463 0.0046875 0.00833333 0.648019 106
0 0.220573 0.541204 0.0046875 0.00833333 0.250199 54
0 0.625521 0.498148 0.00416667 0.00740741 0.382459 163
0 0.640625 0.498148 0.00416667 0.00740741 0.280634 173
0 0.617969 0.497685 0.0046875 0.00833333 0.514366 158
0 0.6125 0.497685 0.00416667 0.00833333 0.454304 154
0 0.602083 0.496296 0.00416667 0.00740741 0.805038 147
0 0.60651 0.497685 0.0046875 0.00833333 0.678671 150
0 0.125 0.496759 0.00416667 0.00833333 0.596517 65
0 0.178125 0.471759 0.00416667 0.00833333 0.84774 71
0 0.892448 0.485648 0.0046875 0.00833333 0.849543 123
0 0.161979 0.476852 0.00416667 0.00740741 0.792928 70
0 0.194531 0.466667 0.0046875 0.00740741 0.850634 72
0 0.0127604 0.500463 0.0046875 0.00833333 0.286891 66
0 0.720573 0.43287 0.0046875 0.00833333 0.626652 109
0 0.210677 0.4625 0.0046875 0.00833333 0.854527 73
0 0.438542 0.418981 0.00416667 0.00833333 0.804634 88
0 0.274219 0.445833 0.0046875 0.00833333 0.85607 77
0 0.125781 0.49213 0.0046875 0.00833333 0.745339 63
0 0.845052 0.46713 0.0046875 0.00833333 0.84336 119
0 0.915885 0.495833 0.0046875 0.00833333 0.835883 125
0 0.904427 0.490278 0.0046875 0.00833333 0.844113 124
0 0.832812 0.4625 0.00520833 0.00833333 0.835842 118
0 0.123958 0.493056 0.00416667 0.00833333 0.840656 62
0 0.258594 0.449537 0.0046875 0.00833333 0.847962 76
0 0.452865 0.418056 0.0046875 0.00833333 0.813592 89
0 0.116406 0.497685 0.0046875 0.00833333 0.535352 60
0 0.226823 0.457407 0.0046875 0.00740741 0.855948 74
0 0.927344 0.500926 0.0046875 0.00740741 0.743134 126
0 0.582812 0.496759 0.00416667 0.00833333 0.371549 133
0 0.574219 0.497685 0.0046875 0.00833333 0.576371 127
0 0.242448 0.453704 0.0046875 0.00740741 0.861171 75
0 0.121094 0.49537 0.0046875 0.00740741 0.318347 61
