0 0.113021 0.523611 0.00416667 0.00833333 0.290657 109
0 0.113021 0.523611 0.00416667 0.00833333 0.413789 108
0 0.11276 0.523611 0.0046875 0.00833333 0.51361 120
0 0.840365 0.501852 0.0078125 0.0148148 0.719189 10
0 0.11276 0.524074 0.0046875 0.00925926 0.808146 38
0 0.11276 0.523611 0.0046875 0.00833333 0.805987 39
0 0.113021 0.523611 0.00416667 0.00833333 0.746224 29
0 0.89974 0.592593 0.0078125 0.012963 0.531438 14
0 0.113021 0.523611 0.00416667 0.00833333 0.735479 28
0 0.883594 0.474074 0.00677083 0.0111111 0.813053 16
0 0.883594 0.472685 0.00677083 0.012037 0.835449 17
0 0.113021 0.523611 0.00416667 0.00833333 0.353103 70
0 0.0505208 0.466667 0.00520833 0.00925926 0.84044 64
0 0.159896 0.448148 0.00520833 0.00925926 0.849853 58
0 0.141146 0.450926 0.00520833 0.00925926 0.833448 59
0 0.0328125 0.469444 0.00520833 0.00925926 0.816068 65
0 0.113021 0.523611 0.00416667 0.00833333 0.490478 71
0 0.11276 0.524537 0.0046875 0.00833333 0.778032 98
0 0.11276 0.523611 0.0046875 0.00833333 0.259796 66
0 0.11276 0.524537 0.0046875 0.00833333 0.765924 99
0 0.113021 0.523611 0.00416667 0.00833333 0.624161 89
0 0.0867188 0.459722 0.00572917 0.0101852 0.852174 62
0 0.113021 0.523611 0.00416667 0.00833333 0.294884 76
0 0.113021 0.523611 0.00416667 0.00833333 0.566156 77
0 0.06875 0.462963 0.00520833 0.00925926 0.841366 63
0 0.113021 0.523611 0.00416667 0.00833333 0.654439 88
0 0.11276 0.524537 0.0046875 0.00833333 0.820433 49
0 0.104687 0.456481 0.00520833 0.00925926 0.848087 61
0 0.122917 0.453704 0.00520833 0.00925926 0.859551 60
0 0.113021 0.523611 0.00416667 0.00833333 0.331032 74
0 0.11276 0.524537 0.0046875 0.00833333 0.82592 48
0 0.113021 0.523611 0.00416667 0.00833333 0.726921 92
0 0.113021 0.523611 0.00416667 0.00833333 0.670791 86
0 0.11276 0.524537 0.0046875 0.00833333 0.812758 51
0 0.11276 0.524537 0.0046875 0.00833333 0.811588 45
0 0.113021 0.523611 0.00416667 0.00833333 0.624168 79
0 0.113021 0.523611 0.00416667 0.00833333 0.598379 78
0 0.11276 0.524537 0.0046875 0.00833333 0.816523 44
0 0.11276 0.524537 0.0046875 0.00833333 0.823383 50
0 0.113021 0.523611 0.00416667 0.00833333 0.626143 87
0 0.113021 0.523611 0.00416667 0.00833333 0.707034 93
0 0.113021 0.523611 0.00416667 0.00833333 0.665743 85
0 0.113021 0.523611 0.00416667 0.00833333 0.689027 91
0 0.11276 0.524537 0.0046875 0.00833333 0.828975 46
0 0.272656 0.436111 0.0046875 0.00925926 0.823232 52
0 0.253646 0.437963 0.00520833 0.00925926 0.797287 53
0 0.11276 0.524537 0.0046875 0.00833333 0.82673 47
0 0.113021 0.523611 0.00416667 0.00833333 0.667344 90
0 0.113021 0.523611 0.00416667 0.00833333 0.590604 84
0 0.113021 0.523611 0.00416667 0.00833333 0.686127 80
0 0.113021 0.523611 0.00416667 0.00833333 0.64545 94
0 0.11276 0.524537 0.0046875 0.00833333 0.818181 43
0 0.178385 0.445833 0.0046875 0.00833333 0.85879 57
0 0.196875 0.443519 0.00520833 0.00925926 0.843586 56
0 0.11276 0.524537 0.0046875 0.00833333 0.817217 42
0 0.113021 0.523611 0.00416667 0.00833333 0.693926 95
0 0.113021 0.523611 0.00416667 0.00833333 0.645421 81
0 0.113021 0.524537 0.00416667 0.00833333 0.777255 97
0 0.113021 0.523611 0.00416667 0.00833333 0.44368 83
0 0.234635 0.439352 0.0046875 0.00833333 0.806369 54
0 0.11276 0.523611 0.0046875 0.00833333 0.80656 40
0 0.11276 0.523611 0.0046875 0.00833333 0.807021 41
0 0.215625 0.441667 0.00520833 0.00925926 0.833919 55
0 0.113021 0.523611 0.00416667 0.00833333 0.544897 82
0 0.113021 0.523611 0.00416667 0.00833333 0.740395 96
0 0.11276 0.524537 0.0046875 0.00833333 0.786724 32
0 0.794271 0.457407 0.00520833 0.00925926 0.832308 26
0 0.11276 0.523611 0.0046875 0.00833333 0.72737 100
0 0.113021 0.523611 0.00416667 0.00833333 0.701883 101
0 0.772917 0.45463 0.00520833 0.00925926 0.82838 27
0 0.11276 0.524074 0.0046875 0.00740741 0.781843 33
0 0.815625 0.460648 0.00520833 0.00833333 0.857365 25
0 0.113021 0.524537 0.00416667 0.00833333 0.785064 31
0 0.882552 0.475 0.00677083 0.0111111 0.83111 19
0 0.113021 0.523611 0.00416667 0.00833333 0.39723 103
0 0.113021 0.523611 0.00416667 0.00833333 0.622581 102
0 0.883333 0.472685 0.00729167 0.012037 0.806585 18
0 0.113021 0.524537 0.00416667 0.00833333 0.773135 30
0 0.8375 0.464815 0.00520833 0.00925926 0.758746 24
0 0.880469 0.477778 0.00572917 0.00925926 0.75266 20
0 0.11276 0.524537 0.0046875 0.00833333 0.792344 34
0 0.113021 0.523611 0.00416667 0.00833333 0.586236 106
0 0.113021 0.523611 0.00416667 0.00833333 0.572314 107
0 0.11276 0.524537 0.0046875 0.00833333 0.794753 35
0 0.875781 0.480093 0.00572917 0.0101852 0.626066 21
0 0.11276 0.524537 0.0046875 0.00833333 0.784745 37
0 0.113021 0.523611 0.00416667 0.00833333 0.478926 23
0 0.113021 0.523611 0.00416667 0.00833333 0.65356 105
0 0.113021 0.523611 0.00416667 0.00833333 0.36874 110
0 0.113021 0.523611 0.00416667 0.00833333 0.605068 104
0 0.867188 0.479167 0.00729167 0.012037 0.844171 22
0 0.11276 0.523611 0.0046875 0.00833333 0.759345 36
0 0.841927 0.501852 0.0078125 0.0148148 0.511516 9
