0 0.845573 0.528241 0.0046875 0.00833333 0.582484 82
0 0.377344 0.490278 0.0046875 0.00833333 0.853407 55
0 0.625781 0.489352 0.0046875 0.00833333 0.839707 69
0 0.608333 0.487963 0.00416667 0.00740741 0.832922 68
0 0.358854 0.49213 0.00416667 0.00833333 0.844113 54
0 0.861719 0.532407 0.0046875 0.00925926 0.830623 83
0 0.828906 0.523611 0.0046875 0.00833333 0.832025 81
0 0.396094 0.488426 0.0046875 0.00833333 0.843214 56
0 0.414323 0.4875 0.0046875 0.00833333 0.842823 57
0 0.81224 0.519907 0.0046875 0.00833333 0.849364 80
0 0.223698 0.512037 0.00364583 0.00740741 0.449829 47
0 0.339844 0.493981 0.0046875 0.00833333 0.837169 53
0 0.321094 0.496759 0.0046875 0.00833333 0.805217 52
0 0.778906 0.5125 0.0046875 0.00833333 0.842298 78
0 0.282292 0.501852 0.00416667 0.00740741 0.551007 50
0 0.183594 0.519907 0.0046875 0.00833333 0.844405 45
0 0.796094 0.515741 0.0046875 0.00925926 0.844963 79
0 0.107552 0.496759 0.0046875 0.00833333 0.599561 38
0 0.711458 0.499537 0.00416667 0.00833333 0.854945 74
0 0.46849 0.485185 0.0046875 0.00925926 0.839644 60
0 0.486198 0.484722 0.0046875 0.00833333 0.85501 61
0 0.728385 0.502315 0.0046875 0.00833333 0.859554 75
0 0.521354 0.484722 0.00416667 0.00833333 0.853584 63
0 0.76224 0.508796 0.0046875 0.00833333 0.845489 77
0 0.745313 0.505093 0.00416667 0.00833333 0.848549 76
0 0.503906 0.484722 0.0046875 0.00833333 0.857852 62
0 0.573698 0.485648 0.0046875 0.00833333 0.827719 66
0 0.677604 0.494907 0.00416667 0.00833333 0.844559 72
0 0.694271 0.497685 0.00416667 0.00833333 0.846887 73
0 0.591146 0.486574 0.00416667 0.00833333 0.763569 67
0 0.45026 0.485648 0.0046875 0.00833333 0.847634 59
0 0.660156 0.492593 0.0046875 0.00740741 0.864463 71
0 0.55651 0.484722 0.0046875 0.00833333 0.836547 65
0 0.539323 0.484722 0.0046875 0.00833333 0.84832 64
0 0.642969 0.491204 0.0046875 0.00833333 0.814609 70
0 0.432552 0.486574 0.0046875 0.00833333 0.846866 58
