0 0.207031 0.509722 0.0046875 0.00833333 0.845077 9
0 0.159115 0.513889 0.0046875 0.00740741 0.435447 8
0 0.623438 0.516667 0.00416667 0.00740741 0.856325 19
0 0.834896 0.552315 0.00416667 0.00833333 0.850467 25
0 0.801302 0.54537 0.0046875 0.00740741 0.861702 24
0 0.585938 0.512963 0.00416667 0.00740741 0.863354 18
0 0.867708 0.560185 0.00416667 0.00740741 0.859056 26
0 0.9 0.568519 0.00416667 0.00740741 0.846461 27
0 0.766927 0.537963 0.00364583 0.00740741 0.842917 23
0 0.732292 0.531944 0.00416667 0.00833333 0.84749 22
0 0.660417 0.521296 0.00416667 0.00740741 0.827642 20
0 0.696354 0.526389 0.00416667 0.00833333 0.842774 21
0 0.254167 0.506944 0.00416667 0.00833333 0.849292 10
0 0.30026 0.506019 0.0046875 0.00833333 0.854781 11
0 0.388021 0.503704 0.00416667 0.00740741 0.846053 13
0 0.345052 0.504167 0.0046875 0.00833333 0.859449 12
0 0.509896 0.506944 0.00416667 0.00833333 0.866688 16
0 0.548177 0.509722 0.0046875 0.00833333 0.849646 17
0 0.470313 0.505093 0.00416667 0.00833333 0.843751 15
0 0.963542 0.587963 0.00416667 0.00740741 0.836839 29
0 0.931771 0.577778 0.00416667 0.00740741 0.837908 28
0 0.429688 0.50463 0.00416667 0.00740741 0.855363 14
0 0.12526 0.520833 0.0046875 0.00833333 0.78908 5
0 0.12474 0.521296 0.0046875 0.00740741 0.763364 4
0 0.132031 0.526389 0.0046875 0.00833333 0.714252 7
