0 0.119792 0.478704 0.00520833 0.00925926 0.786071 38
0 0.119531 0.483796 0.0046875 0.00833333 0.375161 39
0 0.985677 0.474537 0.0046875 0.00833333 0.811825 89
0 0.525521 0.435648 0.00416667 0.00833333 0.838268 62
0 0.772656 0.438426 0.0046875 0.00833333 0.848647 76
0 0.789323 0.440278 0.0046875 0.00833333 0.853061 77
0 0.54375 0.434722 0.00416667 0.00833333 0.831938 63
0 0.969531 0.470833 0.0046875 0.00833333 0.828521 88
0 0.273177 0.468981 0.0046875 0.00833333 0.852006 49
0 0.755469 0.436574 0.0046875 0.00833333 0.852234 75
0 0.507292 0.437037 0.00416667 0.00740741 0.833562 61
0 0.488802 0.438426 0.0046875 0.00833333 0.853416 60
0 0.738281 0.435648 0.0046875 0.00833333 0.816078 74
0 0.451302 0.44213 0.0046875 0.00833333 0.850114 58
0 0.470052 0.440278 0.0046875 0.00833333 0.86554 59
0 0.686198 0.43287 0.0046875 0.00833333 0.287082 71
0 0.721094 0.434722 0.0046875 0.00833333 0.815158 73
0 0.839583 0.446296 0.00520833 0.00740741 0.749999 80
0 0.432552 0.443981 0.0046875 0.00833333 0.841932 57
0 0.413281 0.446296 0.0046875 0.00740741 0.812111 56
0 0.85625 0.448611 0.00520833 0.00833333 0.825762 81
0 0.888802 0.454167 0.0046875 0.00833333 0.74377 83
0 0.39401 0.449074 0.0046875 0.00740741 0.740526 55
0 0.872656 0.451389 0.0046875 0.00833333 0.787448 82
0 0.9375 0.463426 0.00520833 0.00833333 0.780004 86
0 0.18776 0.4875 0.0046875 0.00833333 0.844153 45
0 0.822917 0.443981 0.00520833 0.00833333 0.824073 79
0 0.80625 0.44213 0.00520833 0.00833333 0.838424 78
0 0.166146 0.493056 0.00520833 0.00833333 0.827241 44
0 0.29349 0.464352 0.0046875 0.00833333 0.818013 50
0 0.953646 0.46713 0.00520833 0.00833333 0.843287 87
0 0.334375 0.45787 0.00520833 0.00833333 0.83312 52
0 0.230469 0.478241 0.0046875 0.00833333 0.843837 47
0 0.11849 0.482407 0.0046875 0.00925926 0.292646 34
0 0.120833 0.476389 0.00520833 0.00833333 0.375796 37
0 0.116146 0.486111 0.00520833 0.00925926 0.816075 33
