0 0.116667 0.515741 0.00416667 0.00740741 0.750985 6
0 0.825521 0.534722 0.00416667 0.00833333 0.848909 29
0 0.349479 0.488426 0.00416667 0.00833333 0.827249 15
0 0.309635 0.490278 0.0046875 0.00833333 0.851464 14
0 0.795052 0.526852 0.0046875 0.00740741 0.852994 28
0 0.116667 0.513889 0.00416667 0.00740741 0.800042 7
0 0.778385 0.580093 0.00364583 0.00648148 0.813816 5
0 0.388021 0.487037 0.00416667 0.00740741 0.845543 16
0 0.425521 0.486111 0.00416667 0.00740741 0.849277 17
0 0.26901 0.493519 0.0046875 0.00740741 0.842609 13
0 0.227083 0.497222 0.00416667 0.00740741 0.854644 12
0 0.100521 0.549537 0.00520833 0.0101852 0.50522 3
0 0.141927 0.509259 0.0046875 0.00740741 0.815665 10
0 0.184115 0.502315 0.0046875 0.00833333 0.854485 11
0 0.678906 0.439352 0.00364583 0.00648148 0.479883 62
0 0.585156 0.457407 0.00364583 0.00740741 0.413571 61
0 0.4875 0.475 0.00416667 0.00740741 0.823578 60
0 0.294531 0.508796 0.0046875 0.00833333 0.274543 58
0 0.390625 0.491667 0.00416667 0.00740741 0.597996 59
0 0.532812 0.488889 0.00416667 0.00740741 0.835358 20
0 0.567187 0.490741 0.00416667 0.00740741 0.851827 21
0 0.634375 0.498148 0.00416667 0.00740741 0.848742 23
0 0.601042 0.493981 0.00416667 0.00833333 0.857318 22
0 0.122135 0.520833 0.0046875 0.00833333 0.705199 9
0 0.732292 0.513426 0.00416667 0.00833333 0.847008 26
0 0.914062 0.562037 0.00416667 0.00740741 0.862575 32
0 0.942708 0.571296 0.00416667 0.00740741 0.853532 33
0 0.764063 0.519444 0.00416667 0.00740741 0.857624 27
0 0.117969 0.518981 0.0046875 0.00833333 0.78248 8
0 0.884896 0.552315 0.00416667 0.00833333 0.854577 31
0 0.70026 0.506944 0.0046875 0.00833333 0.851398 25
0 0.497917 0.487037 0.00416667 0.00740741 0.85496 19
0 0.461979 0.486111 0.00416667 0.00740741 0.84234 18
0 0.667708 0.502315 0.00416667 0.00833333 0.846719 24
0 0.855208 0.543519 0.00416667 0.00740741 0.854298 30
