0 0.839583 0.580556 0.00416667 0.00740741 0.860864 22
0 0.222656 0.506019 0.0046875 0.00833333 0.856589 5
0 0.177604 0.506944 0.00416667 0.00833333 0.8492 4
0 0.869792 0.590741 0.00416667 0.00740741 0.858457 23
0 0.808854 0.571296 0.00416667 0.00740741 0.849492 21
0 0.266406 0.50463 0.0046875 0.00925926 0.849823 6
0 0.308854 0.504167 0.00416667 0.00833333 0.845292 7
0 0.777083 0.562963 0.00416667 0.00740741 0.858195 20
0 0.711979 0.546296 0.00416667 0.00740741 0.853488 18
0 0.9 0.600926 0.00416667 0.00740741 0.850866 24
0 0.13724 0.513889 0.0046875 0.00740741 0.810599 3
0 0.122917 0.521759 0.00416667 0.00833333 0.807896 2
0 0.929167 0.612037 0.00416667 0.00740741 0.847017 25
0 0.744792 0.55463 0.00416667 0.00740741 0.834517 19
0 0.121354 0.52037 0.00416667 0.00740741 0.722292 1
0 0.678646 0.539352 0.00416667 0.00833333 0.846115 17
0 0.644792 0.53287 0.00416667 0.00833333 0.851094 16
0 0.575521 0.521296 0.00416667 0.00740741 0.855665 14
0 0.610417 0.526852 0.00416667 0.00740741 0.855227 15
0 0.467187 0.509722 0.00416667 0.00833333 0.846246 11
0 0.429427 0.506944 0.0046875 0.00833333 0.863067 10
0 0.504167 0.512963 0.00416667 0.00740741 0.861311 12
0 0.390365 0.505093 0.00364583 0.00648148 0.838893 9
0 0.350781 0.503704 0.00364583 0.00740741 0.764667 8
0 0.540104 0.51713 0.00416667 0.00833333 0.856485 13
