0 0.11276 0.522685 0.0046875 0.00833333 0.801035 37
0 0.11276 0.522685 0.0046875 0.00833333 0.814264 23
0 0.11276 0.522685 0.0046875 0.00833333 0.812671 22
0 0.11276 0.522685 0.0046875 0.00833333 0.795255 36
0 0.11276 0.522685 0.0046875 0.00833333 0.80852 20
0 0.11276 0.522685 0.0046875 0.00833333 0.81002 34
0 0.11276 0.522685 0.0046875 0.00833333 0.808234 35
0 0.11276 0.522685 0.0046875 0.00833333 0.809041 21
0 0.11276 0.522685 0.0046875 0.00833333 0.813096 25
0 0.11276 0.522685 0.0046875 0.00833333 0.811775 31
0 0.11276 0.522685 0.0046875 0.00833333 0.811574 19
0 0.11276 0.522685 0.0046875 0.00833333 0.812749 18
0 0.11276 0.522685 0.0046875 0.00833333 0.812001 30
0 0.11276 0.522685 0.0046875 0.00833333 0.81382 24
0 0.11276 0.522685 0.0046875 0.00833333 0.809822 32
0 0.11276 0.522685 0.0046875 0.00833333 0.811626 26
0 0.11276 0.522685 0.0046875 0.00833333 0.815062 27
0 0.11276 0.522685 0.0046875 0.00833333 0.811805 33
0 0.877083 0.487037 0.00625 0.0111111 0.827547 6
0 0.1375 0.426852 0.00520833 0.00925926 0.701721 54
0 0.11276 0.522685 0.0046875 0.00833333 0.804969 40
0 0.11276 0.522685 0.0046875 0.00833333 0.79799 41
0 0.122396 0.42963 0.00520833 0.00925926 0.785482 55
0 0.11276 0.522685 0.0046875 0.00833333 0.811181 7
0 0.11276 0.522222 0.0046875 0.00925926 0.804953 5
0 0.11276 0.522685 0.0046875 0.00833333 0.790225 43
0 0.0919271 0.435185 0.00572917 0.00925926 0.81208 57
0 0.11276 0.522222 0.0046875 0.00925926 0.773709 56
0 0.11276 0.522685 0.0046875 0.00833333 0.790607 42
0 0.884635 0.4875 0.00677083 0.0101852 0.832419 4
0 0.11276 0.522685 0.0046875 0.00833333 0.776931 46
0 0.168229 0.422222 0.00520833 0.00925926 0.798315 52
0 0.152865 0.425463 0.00572917 0.0101852 0.818971 53
0 0.11276 0.522685 0.0046875 0.00833333 0.791839 47
0 0.11276 0.522685 0.0046875 0.00833333 0.81095 1
0 0.888802 0.487963 0.00572917 0.0111111 0.812373 3
0 0.11276 0.522685 0.0046875 0.00833333 0.788249 51
0 0.11276 0.522685 0.0046875 0.00833333 0.79141 45
0 0.11276 0.522685 0.0046875 0.00833333 0.787824 44
0 0.11276 0.522685 0.0046875 0.00833333 0.79791 50
0 0.11276 0.522685 0.0046875 0.00833333 0.811853 2
0 0.11276 0.522685 0.0046875 0.00833333 0.800214 49
0 0.11276 0.522685 0.0046875 0.00833333 0.78521 61
0 0.11276 0.522222 0.0046875 0.00925926 0.796791 60
0 0.11276 0.522685 0.0046875 0.00833333 0.801076 48
0 0.11276 0.522685 0.0046875 0.00833333 0.74919 62
0 0.11276 0.522685 0.0046875 0.00833333 0.812757 9
0 0.11276 0.522685 0.0046875 0.00833333 0.812845 8
0 0.0765625 0.437963 0.00520833 0.00925926 0.849935 58
0 0.0617188 0.441667 0.00572917 0.00925926 0.816996 59
0 0.797917 0.469444 0.00520833 0.00925926 0.864437 16
0 0.11276 0.522685 0.0046875 0.00833333 0.814093 17
0 0.11276 0.522685 0.0046875 0.00833333 0.814472 29
0 0.81875 0.475 0.00520833 0.00925926 0.835027 15
0 0.839063 0.480093 0.00520833 0.0101852 0.829644 14
0 0.11276 0.522685 0.0046875 0.00833333 0.814784 28
0 0.11276 0.522685 0.0046875 0.00833333 0.812529 10
0 0.11276 0.522685 0.0046875 0.00833333 0.800987 38
0 0.11276 0.522685 0.0046875 0.00833333 0.80221 39
0 0.11276 0.522685 0.0046875 0.00833333 0.812043 11
0 0.11276 0.522685 0.0046875 0.00833333 0.811536 13
0 0.11276 0.522685 0.0046875 0.00833333 0.812165 12
