0 0.536458 0.508333 0.00416667 0.00740741 0.852893 23
0 0.10651 0.546296 0.00572917 0.00925926 0.524693 7
0 0.948698 0.606019 0.00364583 0.00648148 0.735521 36
0 0.500521 0.505556 0.00416667 0.00740741 0.859941 22
0 0.891667 0.584722 0.00416667 0.00833333 0.863549 34
0 0.427083 0.501852 0.00416667 0.00740741 0.85877 20
0 0.464323 0.503241 0.0046875 0.00833333 0.859543 21
0 0.920833 0.59537 0.00416667 0.00740741 0.854487 35
0 0.388542 0.501389 0.00416667 0.00833333 0.848936 19
0 0.801562 0.556481 0.00416667 0.00740741 0.84212 31
0 0.605729 0.516667 0.00416667 0.00740741 0.847968 25
0 0.571615 0.5125 0.0046875 0.00833333 0.846729 24
0 0.770312 0.548148 0.00416667 0.00740741 0.842845 30
0 0.348958 0.500926 0.00416667 0.00740741 0.831448 18
0 0.640104 0.521759 0.00416667 0.00833333 0.851354 26
0 0.832292 0.565741 0.00416667 0.00740741 0.843395 32
0 0.86224 0.575 0.00364583 0.00740741 0.831248 33
0 0.673437 0.527315 0.00416667 0.00833333 0.854565 27
0 0.265625 0.503241 0.00416667 0.00833333 0.853315 16
0 0.307552 0.502315 0.0046875 0.00833333 0.858212 17
0 0.222135 0.506019 0.0046875 0.00833333 0.849781 15
0 0.738802 0.540741 0.0046875 0.00740741 0.859185 29
0 0.70651 0.533796 0.0046875 0.00833333 0.848397 28
0 0.177865 0.508796 0.0046875 0.00833333 0.845621 14
0 0.120573 0.518056 0.0046875 0.00833333 0.825145 10
0 0.121875 0.521759 0.00416667 0.00833333 0.767325 11
0 0.138542 0.51713 0.00520833 0.00833333 0.812111 13
0 0.123698 0.524537 0.0046875 0.00833333 0.63129 12
