0 0.400521 0.477778 0.00416667 0.00740741 0.824417 36
0 0.101302 0.552778 0.00572917 0.00925926 0.728444 23
0 0.439063 0.475926 0.00416667 0.00740741 0.859929 37
0 0.360938 0.481019 0.00416667 0.00833333 0.841394 35
0 0.320052 0.484722 0.0046875 0.00833333 0.864767 34
0 0.14974 0.510648 0.0046875 0.00833333 0.767543 30
0 0.191667 0.501389 0.00416667 0.00833333 0.839222 31
0 0.278385 0.489352 0.0046875 0.00833333 0.852625 33
0 0.125521 0.518519 0.00416667 0.00740741 0.810795 27
0 0.123438 0.520833 0.00416667 0.00833333 0.820704 26
0 0.235417 0.494907 0.00416667 0.00833333 0.853208 32
0 0.584896 0.474074 0.00416667 0.00740741 0.8569 41
0 0.549479 0.473148 0.00416667 0.00740741 0.848013 40
0 0.620313 0.475926 0.00416667 0.00740741 0.85553 42
0 0.655208 0.477315 0.00416667 0.00833333 0.843686 43
0 0.789583 0.493519 0.00416667 0.00740741 0.842954 47
0 0.975781 0.538426 0.0046875 0.00833333 0.506582 53
0 0.945833 0.528704 0.00416667 0.00740741 0.856858 52
0 0.756771 0.487963 0.00416667 0.00740741 0.832304 46
0 0.884896 0.512963 0.00416667 0.00740741 0.857166 50
0 0.689323 0.480093 0.0046875 0.00833333 0.847939 44
0 0.723177 0.483333 0.00364583 0.00740741 0.831083 45
0 0.915365 0.520833 0.0046875 0.00833333 0.860494 51
0 0.821875 0.498148 0.00416667 0.00740741 0.838752 48
0 0.853125 0.505093 0.00416667 0.00648148 0.827854 49
0 0.127344 0.524537 0.0046875 0.00833333 0.823086 28
0 0.513281 0.473148 0.00364583 0.00740741 0.844483 39
0 0.476562 0.473611 0.00416667 0.00833333 0.864135 38
