0 0.801562 0.46713 0.00416667 0.00833333 0.852238 34
0 0.81849 0.469907 0.0046875 0.00833333 0.841573 35
0 0.852344 0.475463 0.0046875 0.00833333 0.853581 37
0 0.835156 0.472685 0.0046875 0.00833333 0.838298 36
0 0.766927 0.4625 0.0046875 0.00833333 0.85505 32
0 0.784635 0.464815 0.0046875 0.00740741 0.848486 33
0 0.749479 0.460185 0.00520833 0.00925926 0.844821 31
0 0.53099 0.447685 0.0046875 0.00833333 0.794567 19
0 0.51224 0.446759 0.0046875 0.00833333 0.834425 18
0 0.33151 0.453704 0.0046875 0.00740741 0.467151 9
0 0.310156 0.455556 0.0046875 0.00740741 0.822645 8
0 0.901563 0.484722 0.00416667 0.00833333 0.798946 40
0 0.917448 0.488426 0.0046875 0.00833333 0.72894 41
0 0.198437 0.466667 0.00416667 0.00740741 0.847958 3
0 0.175521 0.469907 0.00520833 0.00833333 0.840541 2
0 0.266406 0.459722 0.0046875 0.00833333 0.846573 6
0 0.24375 0.461574 0.00416667 0.00833333 0.84854 5
0 0.221875 0.463889 0.00416667 0.00740741 0.826067 4
0 0.714844 0.456019 0.0046875 0.00833333 0.302421 29
0 0.454167 0.447685 0.00520833 0.00833333 0.745739 15
0 0.434635 0.448611 0.0046875 0.00833333 0.848852 14
0 0.696615 0.45463 0.0046875 0.00740741 0.795679 28
0 0.473698 0.447685 0.0046875 0.00833333 0.862274 16
0 0.492969 0.447222 0.0046875 0.00740741 0.834576 17
0 0.414323 0.448611 0.0046875 0.00833333 0.842293 13
0 0.39401 0.450463 0.0046875 0.00833333 0.836896 12
0 0.283594 0.449074 0.0046875 0.00740741 0.280314 10
0 0.885156 0.481944 0.0046875 0.00833333 0.807726 39
